-1.148978,	-0.000008,	3.612291,	-4.603012,	2.999882,	-5.831246,	
0.479667,	-0.000036,	-9.802780,	-6.601453,	-3.253446,	-3.715217,	
1.796701,	-0.000004,	-0.671046,	-3.431445,	-0.738354,	-3.596831,	
-0.450150,	-0.000059,	8.022440,	-0.225972,	6.916789,	-6.453899,	
-0.695983,	-0.000031,	-3.312723,	-6.983086,	1.450289,	-8.096101,	
-0.067359,	-0.000098,	4.489332,	-2.805935,	7.256144,	-10.045671,	
0.697360,	-0.000027,	-3.725106,	-7.049538,	1.188386,	-7.960463,	
0.344180,	-0.000008,	8.039867,	-0.038411,	7.250481,	-6.863649,	
-1.574076,	-0.000044,	-1.578508,	-4.498417,	-0.796536,	-4.500995,	
-0.286469,	-0.000062,	6.395741,	-1.509851,	7.264320,	-8.478259,	
-1.944506,	-0.000010,	3.342910,	-1.877986,	1.423520,	-1.358312,	
0.180362,	-0.000079,	-2.772663,	-6.757925,	3.754621,	-10.451590,	
-0.025419,	-0.000016,	-3.808060,	-7.082124,	3.269670,	-10.350740,	
-0.334388,	-0.000016,	-2.054144,	-6.568899,	3.747359,	-10.108716,	
-0.166264,	-0.000043,	5.212690,	-2.330089,	7.310530,	-9.539858,	
-0.232169,	-0.000046,	0.145859,	-5.540550,	5.259479,	-10.658971,	
-0.354640,	-0.000020,	3.232026,	-3.944711,	6.185496,	-9.745337,	
0.941002,	-0.000016,	-3.009045,	-6.651763,	0.549637,	-6.975480,	
0.478661,	-0.000027,	7.363021,	-0.950617,	6.770349,	-6.959978,	
