-1.220151,	-0.000019,	4.034735,	-4.343067,	2.936608,	-5.351856,	
-1.616316,	-0.000015,	0.152999,	-4.452874,	-0.024803,	-4.454002,	
0.108934,	-0.000058,	5.782708,	-1.837682,	7.520500,	-9.313557,	
1.025823,	-0.000027,	3.828736,	-4.481592,	3.553343,	-6.323546,	
1.248382,	-0.000048,	2.282883,	-5.102850,	2.052780,	-5.753194,	
0.941658,	-0.000006,	8.215858,	-0.592989,	5.179065,	-3.640575,	
-2.023488,	-0.000014,	0.570443,	-2.098670,	-0.192105,	-2.182692,	
1.930431,	-0.000017,	0.413033,	-2.767527,	-0.299015,	-2.872765,	
-0.173402,	-0.000045,	7.350551,	-0.517844,	7.633515,	-8.036942,	
-1.301815,	-0.000045,	-2.137234,	-5.643322,	-0.330306,	-5.555528,	
1.140105,	-0.000043,	-5.970425,	-5.539095,	-2.003626,	-4.702661,	
0.459862,	-0.000040,	-7.588220,	-7.494029,	-0.729191,	-6.840604,	
0.136351,	-0.000013,	-9.612791,	-7.461843,	-2.179932,	-5.302147,	
-0.839682,	-0.000015,	-6.933727,	-6.617378,	-1.618387,	-5.536765,	
1.155391,	-0.000046,	1.982276,	-5.313093,	2.245955,	-6.219378,	
0.702151,	-0.000022,	8.967397,	0.578540,	6.016062,	-4.014364,	
-1.030981,	-0.000060,	-4.081859,	-6.442110,	-0.443850,	-6.213957,	
0.664385,	-0.000005,	3.014316,	-4.569615,	4.790674,	-8.341279,	
-0.851218,	-0.000019,	4.122422,	-4.169567,	4.388389,	-7.061875,	
