0.015900, 0.004745
1.000000, 0.000000

0.030680, 0.009155
0.999999, 0.001597

0.042506, 0.012684
0.999995, 0.003194

0.052977, 0.015809
0.999989, 0.004791

0.062608, 0.018683
0.999980, 0.006388

0.071646, 0.021380
0.999968, 0.007985

0.080237, 0.023944
0.999954, 0.009582

0.088473, 0.026401
0.999938, 0.011179

0.096419, 0.028772
0.999918, 0.012776

0.104121, 0.031071
0.999897, 0.014373

0.111614, 0.033307
0.999872, 0.015970

0.118926, 0.035489
0.999846, 0.017566

0.126079, 0.037623
0.999816, 0.019163

0.133090, 0.039715
0.999784, 0.020760

0.139975, 0.041769
0.999750, 0.022356

0.146744, 0.043789
0.999713, 0.023953

0.153410, 0.045778
0.999674, 0.025550

0.159980, 0.047739
0.999631, 0.027146

0.166463, 0.049673
0.999587, 0.028742

0.172864, 0.051583
0.999540, 0.030339

0.179191, 0.053471
0.999490, 0.031935

0.185448, 0.055338
0.999438, 0.033531

0.191641, 0.057185
0.999383, 0.035127

0.197772, 0.059015
0.999325, 0.036723

0.203846, 0.060827
0.999266, 0.038319

0.209866, 0.062623
0.999203, 0.039915

0.215836, 0.064404
0.999138, 0.041511

0.221758, 0.066171
0.999070, 0.043106

0.227634, 0.067924
0.999000, 0.044702

0.233467, 0.069665
0.998928, 0.046297

0.239259, 0.071393
0.998853, 0.047892

0.245013, 0.073109
0.998775, 0.049487

0.250729, 0.074815
0.998694, 0.051082

0.256410, 0.076509
0.998612, 0.052677

0.262056, 0.078194
0.998526, 0.054272

0.267671, 0.079869
0.998438, 0.055867

0.273254, 0.081535
0.998348, 0.057461

0.278807, 0.083191
0.998255, 0.059055

0.284332, 0.084839
0.998159, 0.060650

0.289830, 0.086479
0.998061, 0.062244

0.295300, 0.088111
0.997960, 0.063837

0.300746, 0.089736
0.997857, 0.065431

0.306166, 0.091353
0.997751, 0.067025

0.311563, 0.092963
0.997643, 0.068618

0.316937, 0.094566
0.997532, 0.070211

0.322289, 0.096162
0.997419, 0.071804

0.327620, 0.097752
0.997303, 0.073397

0.332929, 0.099336
0.997184, 0.074989

0.338219, 0.100914
0.997063, 0.076582

0.343489, 0.102486
0.996940, 0.078174

0.348741, 0.104052
0.996814, 0.079766

0.353974, 0.105613
0.996685, 0.081358

0.359190, 0.107168
0.996554, 0.082950

0.364388, 0.108719
0.996420, 0.084541

0.369570, 0.110264
0.996284, 0.086132

0.374735, 0.111805
0.996145, 0.087723

0.379885, 0.113340
0.996004, 0.089314

0.385019, 0.114872
0.995860, 0.090904

0.390138, 0.116398
0.995713, 0.092495

0.395243, 0.117921
0.995564, 0.094085

0.400333, 0.119439
0.995413, 0.095675

0.405410, 0.120952
0.995259, 0.097264

0.410473, 0.122462
0.995102, 0.098854

0.415524, 0.123968
0.994943, 0.100443

0.420561, 0.125470
0.994781, 0.102031

0.425586, 0.126969
0.994617, 0.103620

0.430598, 0.128463
0.994450, 0.105208

0.435599, 0.129954
0.994281, 0.106796

0.440588, 0.131442
0.994109, 0.108384

0.445566, 0.132926
0.993935, 0.109972

0.450532, 0.134407
0.993758, 0.111559

0.455488, 0.135884
0.993578, 0.113146

0.460433, 0.137358
0.993396, 0.114732

0.465368, 0.138829
0.993212, 0.116319

0.470293, 0.140297
0.993025, 0.117905

0.475207, 0.141762
0.992835, 0.119490

0.480112, 0.143225
0.992643, 0.121076

0.485007, 0.144684
0.992449, 0.122661

0.489893, 0.146140
0.992251, 0.124246

0.494770, 0.147594
0.992052, 0.125830

0.499638, 0.149045
0.991850, 0.127414

0.504497, 0.150493
0.991645, 0.128998

0.509347, 0.151938
0.991438, 0.130582

0.514189, 0.153381
0.991228, 0.132165

0.519023, 0.154822
0.991015, 0.133748

0.523848, 0.156260
0.990801, 0.135330

0.528666, 0.157696
0.990583, 0.136912

0.533476, 0.159129
0.990363, 0.138494

0.538278, 0.160560
0.990141, 0.140076

0.543072, 0.161988
0.989916, 0.141657

0.547859, 0.163415
0.989688, 0.143237

0.552639, 0.164839
0.989458, 0.144818

0.557412, 0.166261
0.989226, 0.146398

0.562178, 0.167681
0.988991, 0.147977

0.566937, 0.169098
0.988753, 0.149557

0.571689, 0.170514
0.988513, 0.151136

0.576434, 0.171927
0.988270, 0.152714

0.581173, 0.173339
0.988025, 0.154292

0.585906, 0.174749
0.987778, 0.155870

0.590632, 0.176156
0.987527, 0.157447

0.595352, 0.177562
0.987275, 0.159024

0.600066, 0.178966
0.987019, 0.160600

0.604774, 0.180368
0.986762, 0.162177

0.609476, 0.181768
0.986501, 0.163752

0.614173, 0.183166
0.986239, 0.165328

0.618864, 0.184563
0.985973, 0.166902

0.623549, 0.185958
0.985706, 0.168477

0.628228, 0.187351
0.985435, 0.170051

0.632903, 0.188742
0.985162, 0.171624

0.637572, 0.190132
0.984887, 0.173197

0.642235, 0.191520
0.984609, 0.174770

0.646894, 0.192907
0.984329, 0.176342

0.651547, 0.194292
0.984046, 0.177914

0.656196, 0.195675
0.983761, 0.179485

0.660840, 0.197057
0.983473, 0.181056

0.665479, 0.198437
0.983182, 0.182627

0.670113, 0.199816
0.982889, 0.184197

0.674742, 0.201193
0.982594, 0.185766

0.679367, 0.202569
0.982296, 0.187335

0.683988, 0.203943
0.981996, 0.188903

0.688604, 0.205316
0.981693, 0.190471

0.693216, 0.206687
0.981387, 0.192039

0.697823, 0.208058
0.981079, 0.193606

0.702426, 0.209426
0.980769, 0.195173

0.707026, 0.210794
0.980456, 0.196739

0.711621, 0.212159
0.980141, 0.198304

0.716212, 0.213524
0.979823, 0.199869

0.720799, 0.214887
0.979502, 0.201434

0.725383, 0.216249
0.979179, 0.202998

0.729962, 0.217610
0.978854, 0.204561

0.734538, 0.218970
0.978526, 0.206124

0.739111, 0.220328
0.978195, 0.207687

0.743680, 0.221685
0.977862, 0.209249

0.748245, 0.223040
0.977527, 0.210810

0.752807, 0.224395
0.977189, 0.212371

0.757366, 0.225748
0.976849, 0.213931

0.761921, 0.227100
0.976506, 0.215491

0.766474, 0.228451
0.976160, 0.217050

0.771023, 0.229801
0.975813, 0.218609

0.775569, 0.231150
0.975462, 0.220167

0.780112, 0.232497
0.975109, 0.221725

0.784653, 0.233843
0.974754, 0.223282

0.789191, 0.235189
0.974396, 0.224838

0.793726, 0.236533
0.974036, 0.226394

0.798258, 0.237876
0.973673, 0.227949

0.802788, 0.239218
0.973308, 0.229504

0.807316, 0.240558
0.972940, 0.231058

0.811841, 0.241898
0.972570, 0.232611

0.816364, 0.243237
0.972197, 0.234164

0.820885, 0.244574
0.971822, 0.235717

0.825404, 0.245911
0.971444, 0.237268

0.829921, 0.247246
0.971064, 0.238820

0.834437, 0.248581
0.970681, 0.240370

0.838950, 0.249914
0.970296, 0.241920

0.843463, 0.251246
0.969909, 0.243469

0.847974, 0.252577
0.969519, 0.245018

0.852485, 0.253908
0.969126, 0.246566

0.856994, 0.255237
0.968731, 0.248113

0.861503, 0.256565
0.968334, 0.249660

0.866012, 0.257892
0.967934, 0.251206

0.870521, 0.259218
0.967531, 0.252752

0.875030, 0.260542
0.967126, 0.254296

0.879539, 0.261866
0.966719, 0.255841

0.884050, 0.263189
0.966309, 0.257384

0.888562, 0.264510
0.965897, 0.258927

0.893077, 0.265830
0.965482, 0.260469

0.897595, 0.267149
0.965065, 0.262011

0.902116, 0.268467
0.964645, 0.263552

0.906643, 0.269783
0.964223, 0.265092

0.911176, 0.271097
0.963799, 0.266632

0.915718, 0.272410
0.963371, 0.268170

0.920270, 0.273721
0.962942, 0.269709

0.924836, 0.275029
0.962510, 0.271246

0.929420, 0.276334
0.962076, 0.272783

0.934030, 0.277636
0.961639, 0.274319

0.938676, 0.278931
0.961199, 0.275854

0.943378, 0.280218
0.960758, 0.277389

0.948175, 0.281485
0.960313, 0.278923

0.953165, 0.282703
0.959867, 0.280456

0.958796, 0.283515
0.959418, 0.281989

0.963520, 0.279250
0.958966, 0.283521

0.966269, 0.274720
0.958512, 0.285052

0.968856, 0.270362
0.958056, 0.286582

0.971386, 0.266075
0.957597, 0.288112

0.973887, 0.261829
0.957135, 0.289641

0.976369, 0.257608
0.956672, 0.291169

0.978837, 0.253404
0.956205, 0.292697

0.981295, 0.249213
0.955737, 0.294223

0.983744, 0.245031
0.955266, 0.295749

0.986186, 0.240858
0.954792, 0.297274

0.988623, 0.236690
0.954316, 0.298799

0.991053, 0.232526
0.953838, 0.300323

0.993479, 0.228367
0.953357, 0.301845

0.995900, 0.224212
0.952874, 0.303368

0.998317, 0.220059
0.952388, 0.304889

1.000730, 0.215908
0.951900, 0.306410

1.003140, 0.211760
0.951409, 0.307929

1.005545, 0.207613
0.950916, 0.309448

1.007948, 0.203469
0.950421, 0.310967

1.010346, 0.199325
0.949923, 0.312484

1.012742, 0.195182
0.949423, 0.314001

1.015135, 0.191041
0.948920, 0.315517

1.017524, 0.186901
0.948415, 0.317032

1.019910, 0.182761
0.947907, 0.318546

1.022294, 0.178622
0.947398, 0.320059

1.024674, 0.174484
0.946885, 0.321572

1.027052, 0.170347
0.946370, 0.323084

1.029427, 0.166210
0.945853, 0.324595

1.031799, 0.162073
0.945334, 0.326105

1.034169, 0.157937
0.944812, 0.327614

1.036536, 0.153801
0.944287, 0.329123

1.038900, 0.149666
0.943760, 0.330630

1.041262, 0.145531
0.943231, 0.332137

1.043621, 0.141396
0.942700, 0.333643

1.045977, 0.137262
0.942166, 0.335148

1.048331, 0.133128
0.941629, 0.336652

1.050682, 0.128994
0.941090, 0.338156

1.053031, 0.124860
0.940549, 0.339658

1.055378, 0.120726
0.940005, 0.341160

1.057721, 0.116593
0.939459, 0.342660

1.060063, 0.112460
0.938911, 0.344160

1.062402, 0.108327
0.938360, 0.345659

1.064739, 0.104194
0.937807, 0.347158

1.067073, 0.100061
0.937251, 0.348655

1.069405, 0.095929
0.936693, 0.350151

1.071735, 0.091796
0.936133, 0.351647

1.074062, 0.087664
0.935570, 0.353141

1.076387, 0.083532
0.935005, 0.354635

1.078709, 0.079400
0.934437, 0.356128

1.081030, 0.075268
0.933867, 0.357620

1.083348, 0.071136
0.933295, 0.359110

1.085663, 0.067004
0.932720, 0.360600

1.087977, 0.062873
0.932143, 0.362090

1.090288, 0.058741
0.931564, 0.363578

1.092597, 0.054610
0.930982, 0.365065

1.094904, 0.050479
0.930398, 0.366551

1.097209, 0.046348
0.929811, 0.368037

1.099511, 0.042217
0.929222, 0.369521

1.101811, 0.038086
0.928631, 0.371005

1.104109, 0.033955
0.928037, 0.372487

1.106405, 0.029824
0.927441, 0.373969

1.108699, 0.025694
0.926843, 0.375450

1.110990, 0.021563
0.926242, 0.376929

1.113280, 0.017433
0.925639, 0.378408

1.115567, 0.013303
0.925033, 0.379886

1.117852, 0.009173
0.924426, 0.381363

1.120135, 0.005043
0.923815, 0.382838

1.122416, 0.000913
0.923203, 0.384313

1.124695, -0.003216
0.922588, 0.385787

1.126972, -0.007346
0.921970, 0.387260

