0.016593,	0.250000,	0.000029,	-0.000000,	
0.021882,	0.168601,	0.000025,	-0.000000,	
0.026456,	0.121799,	0.000023,	-0.000000,	
0.030603,	0.089780,	0.000021,	-0.000000,	
0.034452,	0.065852,	0.000020,	-0.000000,	
0.038077,	0.046971,	0.000019,	-0.000000,	
0.041522,	0.031514,	0.000018,	-0.000000,	
0.044819,	0.018516,	0.000018,	-0.000000,	
0.047992,	0.007360,	0.000017,	-0.000000,	
0.051057,	-0.002370,	0.000017,	-0.000000,	
0.054028,	-0.010967,	0.000016,	-0.000000,	
0.056915,	-0.018644,	0.000016,	-0.000000,	
0.059728,	-0.025562,	0.000015,	-0.000000,	
0.062474,	-0.031844,	0.000015,	-0.000000,	
0.065158,	-0.037585,	0.000015,	-0.000000,	
0.067786,	-0.042864,	0.000014,	-0.000000,	
0.070362,	-0.047741,	0.000014,	-0.000000,	
0.072890,	-0.052268,	0.000014,	-0.000000,	
0.075374,	-0.056486,	0.000014,	-0.000000,	
0.077817,	-0.060430,	0.000013,	-0.000000,	
0.080220,	-0.064131,	0.000013,	-0.000000,	
0.082587,	-0.067613,	0.000013,	-0.000000,	
0.084920,	-0.070899,	0.000013,	-0.000000,	
0.087221,	-0.074006,	0.000013,	-0.000000,	
0.089490,	-0.076952,	0.000012,	-0.000000,	
0.091731,	-0.079750,	0.000012,	-0.000000,	
0.093944,	-0.082413,	0.000012,	-0.000000,	
0.096130,	-0.084953,	0.000012,	-0.000000,	
0.098292,	-0.087378,	0.000012,	-0.000000,	
0.100429,	-0.089697,	0.000012,	-0.000000,	
0.102543,	-0.091919,	0.000012,	-0.000000,	
0.104636,	-0.094050,	0.000012,	-0.000000,	
0.106707,	-0.096097,	0.000011,	-0.000000,	
0.108758,	-0.098065,	0.000011,	-0.000000,	
0.110789,	-0.099960,	0.000011,	-0.000000,	
0.112802,	-0.101785,	0.000011,	-0.000000,	
0.114796,	-0.103547,	0.000011,	-0.000000,	
0.116773,	-0.105247,	0.000011,	-0.000000,	
0.118733,	-0.106891,	0.000011,	-0.000000,	
0.120676,	-0.108480,	0.000011,	-0.000000,	
0.122604,	-0.110019,	0.000011,	-0.000000,	
0.124516,	-0.111510,	0.000011,	-0.000000,	
0.126414,	-0.112955,	0.000010,	-0.000000,	
0.128297,	-0.114357,	0.000010,	-0.000000,	
0.130167,	-0.115719,	0.000010,	-0.000000,	
0.132022,	-0.117041,	0.000010,	-0.000000,	
0.133865,	-0.118327,	0.000010,	-0.000000,	
0.135694,	-0.119577,	0.000010,	-0.000000,	
0.137512,	-0.120794,	0.000010,	-0.000000,	
0.139317,	-0.121979,	0.000010,	-0.000000,	
0.141110,	-0.123134,	0.000010,	-0.000000,	
0.142892,	-0.124259,	0.000010,	-0.000000,	
0.144662,	-0.125357,	0.000010,	-0.000000,	
0.146422,	-0.126428,	0.000010,	-0.000000,	
0.148171,	-0.127473,	0.000010,	-0.000000,	
0.149909,	-0.128493,	0.000010,	-0.000000,	
0.151637,	-0.129490,	0.000010,	-0.000000,	
0.153355,	-0.130465,	0.000009,	-0.000000,	
0.155064,	-0.131418,	0.000009,	-0.000000,	
0.156763,	-0.132350,	0.000009,	-0.000000,	
0.158453,	-0.133261,	0.000009,	-0.000000,	
0.160133,	-0.134154,	0.000009,	-0.000000,	
0.161805,	-0.135028,	0.000009,	-0.000000,	
0.163468,	-0.135884,	0.000009,	-0.000000,	
0.165122,	-0.136722,	0.000009,	-0.000000,	
0.166768,	-0.137544,	0.000009,	-0.000000,	
0.168406,	-0.138350,	0.000009,	-0.000000,	
0.170036,	-0.139140,	0.000009,	-0.000000,	
0.171657,	-0.139915,	0.000009,	-0.000000,	
0.173271,	-0.140675,	0.000009,	-0.000000,	
0.174878,	-0.141421,	0.000009,	-0.000000,	
0.176477,	-0.142154,	0.000009,	-0.000000,	
0.178068,	-0.142873,	0.000009,	-0.000000,	
0.179653,	-0.143580,	0.000009,	-0.000000,	
0.181230,	-0.144274,	0.000009,	-0.000000,	
0.182800,	-0.144956,	0.000009,	-0.000000,	
0.184364,	-0.145627,	0.000009,	-0.000000,	
0.185921,	-0.146286,	0.000009,	-0.000000,	
0.187471,	-0.146934,	0.000009,	-0.000000,	
0.189015,	-0.147572,	0.000009,	-0.000000,	
0.190552,	-0.148199,	0.000009,	-0.000000,	
0.192083,	-0.148816,	0.000008,	-0.000000,	
0.193608,	-0.149423,	0.000008,	-0.000000,	
0.195127,	-0.150021,	0.000008,	-0.000000,	
0.196640,	-0.150609,	0.000008,	-0.000000,	
0.198147,	-0.151188,	0.000008,	-0.000000,	
0.199648,	-0.151759,	0.000008,	-0.000000,	
0.201143,	-0.152321,	0.000008,	-0.000000,	
0.202633,	-0.152875,	0.000008,	-0.000000,	
0.204117,	-0.153420,	0.000008,	-0.000000,	
0.205596,	-0.153958,	0.000008,	-0.000000,	
0.207069,	-0.154488,	0.000008,	-0.000000,	
0.208537,	-0.155011,	0.000008,	-0.000000,	
0.210000,	-0.155526,	0.000008,	-0.000000,	
0.211458,	-0.156034,	0.000008,	-0.000000,	
0.212910,	-0.156535,	0.000008,	-0.000000,	
0.214358,	-0.157029,	0.000008,	-0.000000,	
0.215800,	-0.157516,	0.000008,	-0.000000,	
0.217238,	-0.157997,	0.000008,	-0.000000,	
0.218671,	-0.158472,	0.000008,	-0.000000,	
0.220099,	-0.158940,	0.000008,	-0.000000,	
0.221522,	-0.159403,	0.000008,	-0.000000,	
0.222941,	-0.159859,	0.000008,	-0.000000,	
0.224355,	-0.160310,	0.000008,	-0.000000,	
0.225765,	-0.160755,	0.000008,	-0.000000,	
0.227170,	-0.161194,	0.000008,	-0.000000,	
0.228570,	-0.161628,	0.000008,	-0.000000,	
0.229967,	-0.162057,	0.000008,	-0.000000,	
0.231359,	-0.162481,	0.000008,	-0.000000,	
0.232747,	-0.162899,	0.000008,	-0.000000,	
0.234130,	-0.163313,	0.000008,	-0.000000,	
0.235510,	-0.163721,	0.000008,	-0.000000,	
0.236885,	-0.164125,	0.000008,	-0.000000,	
0.238257,	-0.164524,	0.000008,	-0.000000,	
0.239624,	-0.164919,	0.000008,	-0.000000,	
0.240987,	-0.165309,	0.000008,	-0.000000,	
0.242347,	-0.165694,	0.000008,	-0.000000,	
0.243702,	-0.166076,	0.000008,	-0.000000,	
0.245054,	-0.166453,	0.000007,	-0.000000,	
0.246402,	-0.166826,	0.000007,	-0.000000,	
0.247746,	-0.167194,	0.000007,	-0.000000,	
0.249087,	-0.167559,	0.000007,	-0.000000,	
0.250423,	-0.167920,	0.000007,	-0.000000,	
0.251757,	-0.168277,	0.000007,	-0.000000,	
0.253086,	-0.168631,	0.000007,	-0.000000,	
0.254412,	-0.168980,	0.000007,	-0.000000,	
0.255735,	-0.169326,	0.000007,	-0.000000,	
0.257054,	-0.169669,	0.000007,	-0.000000,	
0.258370,	-0.170007,	0.000007,	-0.000000,	
0.259682,	-0.170343,	0.000007,	-0.000000,	
0.260991,	-0.170675,	0.000007,	-0.000000,	
0.262296,	-0.171004,	0.000007,	-0.000000,	
0.263598,	-0.171329,	0.000007,	-0.000000,	
0.264897,	-0.171651,	0.000007,	-0.000000,	
0.266193,	-0.171970,	0.000007,	-0.000000,	
0.267485,	-0.172286,	0.000007,	-0.000000,	
0.268775,	-0.172599,	0.000007,	-0.000000,	
0.270061,	-0.172909,	0.000007,	-0.000000,	
0.271344,	-0.173216,	0.000007,	-0.000000,	
0.272624,	-0.173520,	0.000007,	-0.000000,	
0.273901,	-0.173821,	0.000007,	-0.000000,	
0.275175,	-0.174120,	0.000007,	-0.000000,	
0.276446,	-0.174415,	0.000007,	-0.000000,	
0.277714,	-0.174708,	0.000007,	-0.000000,	
0.278979,	-0.174998,	0.000007,	-0.000000,	
0.280241,	-0.175286,	0.000007,	-0.000000,	
0.281500,	-0.175571,	0.000007,	-0.000000,	
0.282756,	-0.175853,	0.000007,	-0.000000,	
0.284010,	-0.176133,	0.000007,	-0.000000,	
0.285260,	-0.176411,	0.000007,	-0.000000,	
0.286508,	-0.176686,	0.000007,	-0.000000,	
0.287753,	-0.176959,	0.000007,	-0.000000,	
0.288995,	-0.177229,	0.000007,	-0.000000,	
0.290235,	-0.177497,	0.000007,	-0.000000,	
0.291472,	-0.177762,	0.000007,	-0.000000,	
0.292706,	-0.178026,	0.000007,	-0.000000,	
0.293938,	-0.178287,	0.000007,	-0.000000,	
0.295167,	-0.178546,	0.000007,	-0.000000,	
0.296393,	-0.178803,	0.000007,	-0.000000,	
0.297617,	-0.179058,	0.000007,	-0.000000,	
0.298838,	-0.179310,	0.000007,	-0.000000,	
0.300057,	-0.179561,	0.000007,	-0.000000,	
0.301273,	-0.179809,	0.000007,	-0.000000,	
0.302487,	-0.180056,	0.000007,	-0.000000,	
0.303698,	-0.180300,	0.000007,	-0.000000,	
0.304907,	-0.180543,	0.000007,	-0.000000,	
0.306113,	-0.180784,	0.000007,	-0.000000,	
0.307317,	-0.181022,	0.000007,	-0.000000,	
0.308518,	-0.181259,	0.000007,	-0.000000,	
0.309717,	-0.181494,	0.000007,	-0.000000,	
0.310914,	-0.181727,	0.000007,	-0.000000,	
0.312108,	-0.181959,	0.000007,	-0.000000,	
0.313300,	-0.182188,	0.000007,	-0.000000,	
0.314490,	-0.182416,	0.000007,	-0.000000,	
0.315677,	-0.182642,	0.000007,	-0.000000,	
0.316862,	-0.182867,	0.000007,	-0.000000,	
0.318045,	-0.183090,	0.000007,	-0.000000,	
0.319226,	-0.183311,	0.000007,	-0.000000,	
0.320404,	-0.183530,	0.000007,	-0.000000,	
0.321581,	-0.183748,	0.000007,	-0.000000,	
0.322755,	-0.183964,	0.000007,	-0.000000,	
0.323926,	-0.184179,	0.000006,	-0.000000,	
0.325096,	-0.184392,	0.000006,	-0.000000,	
0.326264,	-0.184604,	0.000006,	-0.000000,	
0.327429,	-0.184814,	0.000006,	-0.000000,	
0.328592,	-0.185022,	0.000006,	-0.000000,	
0.329754,	-0.185229,	0.000006,	-0.000000,	
0.330913,	-0.185435,	0.000006,	-0.000000,	
0.332070,	-0.185639,	0.000006,	-0.000000,	
0.333225,	-0.185842,	0.000006,	-0.000000,	
0.334378,	-0.186043,	0.000006,	-0.000000,	
0.335528,	-0.186243,	0.000006,	-0.000000,	
0.336677,	-0.186442,	0.000006,	-0.000000,	
0.337824,	-0.186639,	0.000006,	-0.000000,	
0.338969,	-0.186835,	0.000006,	-0.000000,	
0.340112,	-0.187029,	0.000006,	-0.000000,	
0.341253,	-0.187223,	0.000006,	-0.000000,	
0.342392,	-0.187414,	0.000006,	-0.000000,	
0.343529,	-0.187605,	0.000006,	-0.000000,	
0.344664,	-0.187794,	0.000006,	-0.000000,	
0.345797,	-0.187983,	0.000006,	-0.000000,	
0.346929,	-0.188169,	0.000006,	-0.000000,	
0.348058,	-0.188355,	0.000006,	-0.000000,	
0.349186,	-0.188540,	0.000006,	-0.000000,	
0.350312,	-0.188723,	0.000006,	-0.000000,	
0.351436,	-0.188905,	0.000006,	-0.000000,	
0.352558,	-0.189086,	0.000006,	-0.000000,	
0.353678,	-0.189266,	0.000006,	-0.000000,	
0.354796,	-0.189444,	0.000006,	-0.000000,	
0.355913,	-0.189622,	0.000006,	-0.000000,	
0.357028,	-0.189798,	0.000006,	-0.000000,	
0.358141,	-0.189973,	0.000006,	-0.000000,	
0.359252,	-0.190147,	0.000006,	-0.000000,	
0.360362,	-0.190320,	0.000006,	-0.000000,	
0.361469,	-0.190492,	0.000006,	-0.000000,	
0.362576,	-0.190663,	0.000006,	-0.000000,	
0.363680,	-0.190833,	0.000006,	-0.000000,	
0.364782,	-0.191002,	0.000006,	-0.000000,	
0.365883,	-0.191170,	0.000006,	-0.000000,	
0.366983,	-0.191337,	0.000006,	-0.000000,	
0.368080,	-0.191502,	0.000006,	-0.000000,	
0.369176,	-0.191667,	0.000006,	-0.000000,	
0.370270,	-0.191831,	0.000006,	-0.000000,	
0.371363,	-0.191994,	0.000006,	-0.000000,	
0.372454,	-0.192156,	0.000006,	-0.000000,	
0.373543,	-0.192317,	0.000006,	-0.000000,	
0.374631,	-0.192477,	0.000006,	-0.000000,	
0.375717,	-0.192636,	0.000006,	-0.000000,	
0.376801,	-0.192794,	0.000006,	-0.000000,	
0.377884,	-0.192951,	0.000006,	-0.000000,	
0.378965,	-0.193107,	0.000006,	-0.000000,	
0.380045,	-0.193263,	0.000006,	-0.000000,	
0.381123,	-0.193417,	0.000006,	-0.000000,	
0.382200,	-0.193571,	0.000006,	-0.000000,	
0.383275,	-0.193723,	0.000006,	-0.000000,	
0.384348,	-0.193875,	0.000006,	-0.000000,	
0.385420,	-0.194026,	0.000006,	-0.000000,	
0.386491,	-0.194177,	0.000006,	-0.000000,	
0.387560,	-0.194326,	0.000006,	-0.000000,	
0.388627,	-0.194474,	0.000006,	-0.000000,	
0.389693,	-0.194622,	0.000006,	-0.000000,	
0.390757,	-0.194769,	0.000006,	-0.000000,	
0.391820,	-0.194915,	0.000006,	-0.000000,	
0.392882,	-0.195060,	0.000006,	-0.000000,	
0.393942,	-0.195205,	0.000006,	-0.000000,	
0.395000,	-0.195348,	0.000006,	-0.000000,	
0.396057,	-0.195491,	0.000006,	-0.000000,	
0.397113,	-0.195633,	0.000006,	-0.000000,	
0.398167,	-0.195775,	0.000006,	-0.000000,	
0.399220,	-0.195915,	0.000006,	-0.000000,	
0.400271,	-0.196055,	0.000006,	-0.000000,	
0.401321,	-0.196194,	0.000006,	-0.000000,	
0.402370,	-0.196333,	0.000006,	-0.000000,	
0.403417,	-0.196470,	0.000006,	-0.000000,	
0.404463,	-0.196607,	0.000006,	-0.000000,	
0.405507,	-0.196744,	0.000006,	-0.000000,	
0.406550,	-0.196879,	0.000006,	-0.000000,	
0.407592,	-0.197014,	0.000006,	-0.000000,	
0.408632,	-0.197148,	0.000006,	-0.000000,	
0.409671,	-0.197282,	0.000006,	-0.000000,	
0.410708,	-0.197414,	0.000006,	-0.000000,	
0.411745,	-0.197546,	0.000006,	-0.000000,	
0.412779,	-0.197678,	0.000006,	-0.000000,	
0.413813,	-0.197808,	0.000006,	-0.000000,	
0.414845,	-0.197938,	0.000006,	-0.000000,	
0.415876,	-0.198068,	0.000006,	-0.000000,	
0.416906,	-0.198197,	0.000006,	-0.000000,	
0.417934,	-0.198325,	0.000006,	-0.000000,	
0.418961,	-0.198452,	0.000006,	-0.000000,	
0.419987,	-0.198579,	0.000006,	-0.000000,	
0.421011,	-0.198705,	0.000006,	-0.000000,	
0.422034,	-0.198831,	0.000006,	-0.000000,	
0.423056,	-0.198956,	0.000006,	-0.000000,	
0.424077,	-0.199080,	0.000006,	-0.000000,	
0.425096,	-0.199204,	0.000006,	-0.000000,	
0.426115,	-0.199327,	0.000006,	-0.000000,	
0.427131,	-0.199450,	0.000006,	-0.000000,	
0.428147,	-0.199572,	0.000006,	-0.000000,	
0.429161,	-0.199693,	0.000006,	-0.000000,	
0.430175,	-0.199814,	0.000006,	-0.000000,	
0.431187,	-0.199934,	0.000006,	-0.000000,	
0.432197,	-0.200054,	0.000006,	-0.000000,	
0.433207,	-0.200173,	0.000006,	-0.000000,	
0.434215,	-0.200291,	0.000006,	-0.000000,	
0.435222,	-0.200409,	0.000006,	-0.000000,	
0.436228,	-0.200527,	0.000006,	-0.000000,	
0.437233,	-0.200643,	0.000006,	-0.000000,	
0.438237,	-0.200760,	0.000006,	-0.000000,	
0.439239,	-0.200875,	0.000006,	-0.000000,	
0.440240,	-0.200991,	0.000006,	-0.000000,	
0.441240,	-0.201105,	0.000006,	-0.000000,	
0.442239,	-0.201219,	0.000006,	-0.000000,	
0.443237,	-0.201333,	0.000006,	-0.000000,	
0.444234,	-0.201446,	0.000006,	-0.000000,	
0.445229,	-0.201559,	0.000006,	-0.000000,	
0.446223,	-0.201671,	0.000006,	-0.000000,	
0.447217,	-0.201782,	0.000006,	-0.000000,	
0.448209,	-0.201894,	0.000006,	-0.000000,	
0.449200,	-0.202004,	0.000005,	-0.000000,	
0.450189,	-0.202114,	0.000005,	-0.000000,	
0.451178,	-0.202224,	0.000005,	-0.000000,	
0.452166,	-0.202333,	0.000005,	-0.000000,	
0.453152,	-0.202441,	0.000005,	-0.000000,	
0.454138,	-0.202550,	0.000005,	-0.000000,	
0.455122,	-0.202657,	0.000005,	-0.000000,	
0.456105,	-0.202764,	0.000005,	-0.000000,	
0.457087,	-0.202871,	0.000005,	-0.000000,	
0.458068,	-0.202977,	0.000005,	-0.000000,	
0.459048,	-0.203083,	0.000005,	-0.000000,	
0.460027,	-0.203188,	0.000005,	-0.000000,	
0.461005,	-0.203293,	0.000005,	-0.000000,	
0.461982,	-0.203398,	0.000005,	-0.000000,	
0.462957,	-0.203502,	0.000005,	-0.000000,	
0.463932,	-0.203605,	0.000005,	-0.000000,	
0.464905,	-0.203708,	0.000005,	-0.000000,	
0.465878,	-0.203811,	0.000005,	-0.000000,	
0.466849,	-0.203913,	0.000005,	-0.000000,	
0.467820,	-0.204015,	0.000005,	-0.000000,	
0.468789,	-0.204116,	0.000005,	-0.000000,	
0.469758,	-0.204217,	0.000005,	-0.000000,	
0.470725,	-0.204317,	0.000005,	-0.000000,	
0.471692,	-0.204417,	0.000005,	-0.000000,	
0.472657,	-0.204517,	0.000005,	-0.000000,	
0.473621,	-0.204616,	0.000005,	-0.000000,	
0.474585,	-0.204715,	0.000005,	-0.000000,	
0.475547,	-0.204813,	0.000005,	-0.000000,	
0.476508,	-0.204911,	0.000005,	-0.000000,	
0.477469,	-0.205009,	0.000005,	-0.000000,	
0.478428,	-0.205106,	0.000005,	-0.000000,	
0.479386,	-0.205202,	0.000005,	-0.000000,	
0.480344,	-0.205299,	0.000005,	-0.000000,	
0.481300,	-0.205395,	0.000005,	-0.000000,	
0.482256,	-0.205490,	0.000005,	-0.000000,	
0.483210,	-0.205585,	0.000005,	-0.000000,	
0.484164,	-0.205680,	0.000005,	-0.000000,	
0.485116,	-0.205775,	0.000005,	-0.000000,	
0.486068,	-0.205869,	0.000005,	-0.000000,	
0.487018,	-0.205962,	0.000005,	-0.000000,	
0.487968,	-0.206056,	0.000005,	-0.000000,	
0.488917,	-0.206148,	0.000005,	-0.000000,	
0.489864,	-0.206241,	0.000005,	-0.000000,	
0.490811,	-0.206333,	0.000005,	-0.000000,	
0.491757,	-0.206425,	0.000005,	-0.000000,	
0.492702,	-0.206516,	0.000005,	-0.000000,	
0.493646,	-0.206607,	0.000005,	-0.000000,	
0.494589,	-0.206698,	0.000005,	-0.000000,	
0.495532,	-0.206788,	0.000005,	-0.000000,	
0.496473,	-0.206878,	0.000005,	-0.000000,	
0.497413,	-0.206968,	0.000005,	-0.000000,	
0.498353,	-0.207057,	0.000005,	-0.000000,	
0.499291,	-0.207146,	0.000005,	-0.000000,	
0.500229,	-0.207235,	0.000005,	-0.000000,	
0.501166,	-0.207323,	0.000005,	-0.000000,	
0.502101,	-0.207411,	0.000005,	-0.000000,	
0.503036,	-0.207499,	0.000005,	-0.000000,	
0.503970,	-0.207586,	0.000005,	-0.000000,	
0.504904,	-0.207673,	0.000005,	-0.000000,	
0.505836,	-0.207759,	0.000005,	-0.000000,	
0.506767,	-0.207846,	0.000005,	-0.000000,	
0.507698,	-0.207931,	0.000005,	-0.000000,	
0.508627,	-0.208017,	0.000005,	-0.000000,	
0.509556,	-0.208102,	0.000005,	-0.000000,	
0.510484,	-0.208187,	0.000005,	-0.000000,	
0.511411,	-0.208272,	0.000005,	-0.000000,	
0.512337,	-0.208356,	0.000005,	-0.000000,	
0.513263,	-0.208440,	0.000005,	-0.000000,	
0.514187,	-0.208524,	0.000005,	-0.000000,	
0.515111,	-0.208607,	0.000005,	-0.000000,	
0.516033,	-0.208690,	0.000005,	-0.000000,	
0.516955,	-0.208773,	0.000005,	-0.000000,	
0.517876,	-0.208855,	0.000005,	-0.000000,	
0.518797,	-0.208937,	0.000005,	-0.000000,	
0.519716,	-0.209019,	0.000005,	-0.000000,	
0.520635,	-0.209101,	0.000005,	-0.000000,	
0.521552,	-0.209182,	0.000005,	-0.000000,	
0.522469,	-0.209263,	0.000005,	-0.000000,	
0.523385,	-0.209344,	0.000005,	-0.000000,	
0.524301,	-0.209424,	0.000005,	-0.000000,	
0.525215,	-0.209504,	0.000005,	-0.000000,	
0.526129,	-0.209584,	0.000005,	-0.000000,	
0.527042,	-0.209663,	0.000005,	-0.000000,	
0.527954,	-0.209742,	0.000005,	-0.000000,	
0.528865,	-0.209821,	0.000005,	-0.000000,	
0.529775,	-0.209900,	0.000005,	-0.000000,	
0.530685,	-0.209978,	0.000005,	-0.000000,	
0.531593,	-0.210056,	0.000005,	-0.000000,	
0.532501,	-0.210134,	0.000005,	-0.000000,	
0.533409,	-0.210211,	0.000005,	-0.000000,	
0.534315,	-0.210289,	0.000005,	-0.000000,	
0.535221,	-0.210366,	0.000005,	-0.000000,	
0.536125,	-0.210442,	0.000005,	-0.000000,	
0.537029,	-0.210519,	0.000005,	-0.000000,	
0.537933,	-0.210595,	0.000005,	-0.000000,	
0.538835,	-0.210671,	0.000005,	-0.000000,	
0.539737,	-0.210746,	0.000005,	-0.000000,	
0.540638,	-0.210822,	0.000005,	-0.000000,	
0.541538,	-0.210897,	0.000005,	-0.000000,	
0.542437,	-0.210971,	0.000005,	-0.000000,	
0.543336,	-0.211046,	0.000005,	-0.000000,	
0.544234,	-0.211120,	0.000005,	-0.000000,	
0.545131,	-0.211194,	0.000005,	-0.000000,	
0.546027,	-0.211268,	0.000005,	-0.000000,	
0.546923,	-0.211342,	0.000005,	-0.000000,	
0.547818,	-0.211415,	0.000005,	-0.000000,	
0.548712,	-0.211488,	0.000005,	-0.000000,	
0.549605,	-0.211561,	0.000005,	-0.000000,	
0.550498,	-0.211633,	0.000005,	-0.000000,	
0.551390,	-0.211705,	0.000005,	-0.000000,	
0.552281,	-0.211777,	0.000005,	-0.000000,	
0.553171,	-0.211849,	0.000005,	-0.000000,	
0.554061,	-0.211921,	0.000005,	-0.000000,	
0.554950,	-0.211992,	0.000005,	-0.000000,	
0.555838,	-0.212063,	0.000005,	-0.000000,	
0.556725,	-0.212134,	0.000005,	-0.000000,	
0.557612,	-0.212204,	0.000005,	-0.000000,	
0.558498,	-0.212275,	0.000005,	-0.000000,	
0.559383,	-0.212345,	0.000005,	-0.000000,	
0.560268,	-0.212415,	0.000005,	-0.000000,	
0.561152,	-0.212484,	0.000005,	-0.000000,	
0.562035,	-0.212554,	0.000005,	-0.000000,	
0.562917,	-0.212623,	0.000005,	-0.000000,	
0.563799,	-0.212692,	0.000005,	-0.000000,	
0.564680,	-0.212760,	0.000005,	-0.000000,	
0.565560,	-0.212829,	0.000005,	-0.000000,	
0.566440,	-0.212897,	0.000005,	-0.000000,	
0.567319,	-0.212965,	0.000005,	-0.000000,	
0.568197,	-0.213033,	0.000005,	-0.000000,	
0.569074,	-0.213101,	0.000005,	-0.000000,	
0.569951,	-0.213168,	0.000005,	-0.000000,	
0.570827,	-0.213235,	0.000005,	-0.000000,	
0.571703,	-0.213302,	0.000005,	-0.000000,	
0.572577,	-0.213369,	0.000005,	-0.000000,	
0.573451,	-0.213435,	0.000005,	-0.000000,	
0.574325,	-0.213501,	0.000005,	-0.000000,	
0.575197,	-0.213567,	0.000005,	-0.000000,	
0.576069,	-0.213633,	0.000005,	-0.000000,	
0.576941,	-0.213699,	0.000005,	-0.000000,	
0.577811,	-0.213764,	0.000005,	-0.000000,	
0.578681,	-0.213830,	0.000005,	-0.000000,	
0.579550,	-0.213895,	0.000005,	-0.000000,	
0.580419,	-0.213959,	0.000005,	-0.000000,	
0.581287,	-0.214024,	0.000005,	-0.000000,	
0.582154,	-0.214088,	0.000005,	-0.000000,	
0.583021,	-0.214152,	0.000005,	-0.000000,	
0.583887,	-0.214216,	0.000005,	-0.000000,	
0.584752,	-0.214280,	0.000005,	-0.000000,	
0.585617,	-0.214344,	0.000005,	-0.000000,	
0.586481,	-0.214407,	0.000005,	-0.000000,	
0.587344,	-0.214470,	0.000005,	-0.000000,	
0.588207,	-0.214533,	0.000005,	-0.000000,	
0.589069,	-0.214596,	0.000005,	-0.000000,	
0.589930,	-0.214659,	0.000005,	-0.000000,	
0.590791,	-0.214721,	0.000005,	-0.000000,	
0.591651,	-0.214783,	0.000005,	-0.000000,	
0.592510,	-0.214845,	0.000005,	-0.000000,	
0.593369,	-0.214907,	0.000005,	-0.000000,	
0.594227,	-0.214968,	0.000005,	-0.000000,	
0.595085,	-0.215030,	0.000005,	-0.000000,	
0.595942,	-0.215091,	0.000005,	-0.000000,	
0.596798,	-0.215152,	0.000005,	-0.000000,	
0.597654,	-0.215213,	0.000005,	-0.000000,	
0.598509,	-0.215274,	0.000005,	-0.000000,	
0.599363,	-0.215334,	0.000005,	-0.000000,	
0.600217,	-0.215394,	0.000005,	-0.000000,	
0.601070,	-0.215454,	0.000005,	-0.000000,	
0.601922,	-0.215514,	0.000005,	-0.000000,	
0.602774,	-0.215574,	0.000005,	-0.000000,	
0.603625,	-0.215634,	0.000005,	-0.000000,	
0.604476,	-0.215693,	0.000005,	-0.000000,	
0.605326,	-0.215752,	0.000005,	-0.000000,	
0.606175,	-0.215811,	0.000005,	-0.000000,	
0.607024,	-0.215870,	0.000005,	-0.000000,	
0.607872,	-0.215928,	0.000005,	-0.000000,	
0.608720,	-0.215987,	0.000005,	-0.000000,	
0.609567,	-0.216045,	0.000005,	-0.000000,	
0.610413,	-0.216103,	0.000005,	-0.000000,	
0.611259,	-0.216161,	0.000005,	-0.000000,	
0.612104,	-0.216219,	0.000005,	-0.000000,	
0.612949,	-0.216277,	0.000005,	-0.000000,	
0.613793,	-0.216334,	0.000005,	-0.000000,	
0.614636,	-0.216391,	0.000005,	-0.000000,	
0.615479,	-0.216448,	0.000005,	-0.000000,	
0.616321,	-0.216505,	0.000005,	-0.000000,	
0.617162,	-0.216562,	0.000005,	-0.000000,	
0.618003,	-0.216619,	0.000005,	-0.000000,	
0.618844,	-0.216675,	0.000005,	-0.000000,	
0.619684,	-0.216731,	0.000005,	-0.000000,	
0.620523,	-0.216787,	0.000005,	-0.000000,	
0.621362,	-0.216843,	0.000005,	-0.000000,	
0.622200,	-0.216899,	0.000005,	-0.000000,	
0.623037,	-0.216954,	0.000005,	-0.000000,	
0.623874,	-0.217010,	0.000005,	-0.000000,	
0.624710,	-0.217065,	0.000005,	-0.000000,	
0.625546,	-0.217120,	0.000005,	-0.000000,	
0.626381,	-0.217175,	0.000005,	-0.000000,	
0.627216,	-0.217230,	0.000005,	-0.000000,	
0.628050,	-0.217284,	0.000005,	-0.000000,	
0.628883,	-0.217339,	0.000005,	-0.000000,	
0.629716,	-0.217393,	0.000005,	-0.000000,	
0.630548,	-0.217447,	0.000005,	-0.000000,	
0.631380,	-0.217501,	0.000005,	-0.000000,	
0.632211,	-0.217555,	0.000005,	-0.000000,	
0.633042,	-0.217609,	0.000005,	-0.000000,	
0.633872,	-0.217662,	0.000005,	-0.000000,	
0.634702,	-0.217715,	0.000005,	-0.000000,	
0.635530,	-0.217769,	0.000005,	-0.000000,	
0.636359,	-0.217822,	0.000005,	-0.000000,	
0.637187,	-0.217875,	0.000005,	-0.000000,	
0.638014,	-0.217927,	0.000005,	-0.000000,	
0.638841,	-0.217980,	0.000005,	-0.000000,	
0.639667,	-0.218032,	0.000005,	-0.000000,	
0.640492,	-0.218085,	0.000005,	-0.000000,	
0.641318,	-0.218137,	0.000005,	-0.000000,	
0.642142,	-0.218189,	0.000005,	-0.000000,	
0.642966,	-0.218240,	0.000005,	-0.000000,	
0.643789,	-0.218292,	0.000005,	-0.000000,	
0.644612,	-0.218344,	0.000005,	-0.000000,	
0.645435,	-0.218395,	0.000005,	-0.000000,	
0.646256,	-0.218446,	0.000005,	-0.000000,	
0.647078,	-0.218497,	0.000005,	-0.000000,	
0.647898,	-0.218548,	0.000005,	-0.000000,	
0.648719,	-0.218599,	0.000005,	-0.000000,	
0.649538,	-0.218650,	0.000005,	-0.000000,	
0.650357,	-0.218700,	0.000005,	-0.000000,	
0.651176,	-0.218751,	0.000005,	-0.000000,	
0.651994,	-0.218801,	0.000005,	-0.000000,	
0.652812,	-0.218851,	0.000005,	-0.000000,	
0.653629,	-0.218901,	0.000005,	-0.000000,	
0.654445,	-0.218951,	0.000005,	-0.000000,	
0.655261,	-0.219001,	0.000005,	-0.000000,	
0.656077,	-0.219050,	0.000005,	-0.000000,	
0.656891,	-0.219100,	0.000005,	-0.000000,	
0.657706,	-0.219149,	0.000005,	-0.000000,	
0.658520,	-0.219198,	0.000005,	-0.000000,	
0.659333,	-0.219247,	0.000005,	-0.000000,	
0.660146,	-0.219296,	0.000005,	-0.000000,	
0.660958,	-0.219345,	0.000005,	-0.000000,	
0.661770,	-0.219393,	0.000005,	-0.000000,	
0.662581,	-0.219442,	0.000005,	-0.000000,	
0.663392,	-0.219490,	0.000005,	-0.000000,	
0.664202,	-0.219538,	0.000004,	-0.000000,	
0.665012,	-0.219586,	0.000004,	-0.000000,	
0.665821,	-0.219634,	0.000004,	-0.000000,	
0.666630,	-0.219682,	0.000004,	-0.000000,	
0.667438,	-0.219730,	0.000004,	-0.000000,	
0.668246,	-0.219777,	0.000004,	-0.000000,	
0.669053,	-0.219825,	0.000004,	-0.000000,	
0.669860,	-0.219872,	0.000004,	-0.000000,	
0.670666,	-0.219919,	0.000004,	-0.000000,	
0.671472,	-0.219966,	0.000004,	-0.000000,	
0.672277,	-0.220013,	0.000004,	-0.000000,	
0.673082,	-0.220060,	0.000004,	-0.000000,	
0.673886,	-0.220107,	0.000004,	-0.000000,	
0.674690,	-0.220153,	0.000004,	-0.000000,	
0.675493,	-0.220199,	0.000004,	-0.000000,	
0.676296,	-0.220246,	0.000004,	-0.000000,	
0.677098,	-0.220292,	0.000004,	-0.000000,	
0.677900,	-0.220338,	0.000004,	-0.000000,	
0.678701,	-0.220384,	0.000004,	-0.000000,	
0.679502,	-0.220430,	0.000004,	-0.000000,	
0.680302,	-0.220475,	0.000004,	-0.000000,	
0.681102,	-0.220521,	0.000004,	-0.000000,	
0.681901,	-0.220566,	0.000004,	-0.000000,	
0.682700,	-0.220612,	0.000004,	-0.000000,	
0.683498,	-0.220657,	0.000004,	-0.000000,	
0.684296,	-0.220702,	0.000004,	-0.000000,	
0.685094,	-0.220747,	0.000004,	-0.000000,	
0.685890,	-0.220792,	0.000004,	-0.000000,	
0.686687,	-0.220836,	0.000004,	-0.000000,	
0.687483,	-0.220881,	0.000004,	-0.000000,	
0.688278,	-0.220925,	0.000004,	-0.000000,	
0.689073,	-0.220970,	0.000004,	-0.000000,	
0.689868,	-0.221014,	0.000004,	-0.000000,	
0.690662,	-0.221058,	0.000004,	-0.000000,	
0.691455,	-0.221102,	0.000004,	-0.000000,	
0.692248,	-0.221146,	0.000004,	-0.000000,	
0.693041,	-0.221190,	0.000004,	-0.000000,	
0.693833,	-0.221233,	0.000004,	-0.000000,	
0.694625,	-0.221277,	0.000004,	-0.000000,	
0.695416,	-0.221320,	0.000004,	-0.000000,	
0.696207,	-0.221364,	0.000004,	-0.000000,	
0.696997,	-0.221407,	0.000004,	-0.000000,	
0.697787,	-0.221450,	0.000004,	-0.000000,	
0.698576,	-0.221493,	0.000004,	-0.000000,	
0.699365,	-0.221536,	0.000004,	-0.000000,	
0.700154,	-0.221578,	0.000004,	-0.000000,	
0.700942,	-0.221621,	0.000004,	-0.000000,	
0.701729,	-0.221664,	0.000004,	-0.000000,	
0.702516,	-0.221706,	0.000004,	-0.000000,	
0.703303,	-0.221748,	0.000004,	-0.000000,	
0.704089,	-0.221791,	0.000004,	-0.000000,	
0.704875,	-0.221833,	0.000004,	-0.000000,	
0.705660,	-0.221875,	0.000004,	-0.000000,	
0.706445,	-0.221917,	0.000004,	-0.000000,	
0.707229,	-0.221958,	0.000004,	-0.000000,	
0.708013,	-0.222000,	0.000004,	-0.000000,	
0.708797,	-0.222042,	0.000004,	-0.000000,	
0.709580,	-0.222083,	0.000004,	-0.000000,	
0.710362,	-0.222124,	0.000004,	-0.000000,	
0.711144,	-0.222166,	0.000004,	-0.000000,	
0.711926,	-0.222207,	0.000004,	-0.000000,	
0.712707,	-0.222248,	0.000004,	-0.000000,	
0.713488,	-0.222289,	0.000004,	-0.000000,	
0.714268,	-0.222330,	0.000004,	-0.000000,	
0.715048,	-0.222370,	0.000004,	-0.000000,	
0.715828,	-0.222411,	0.000004,	-0.000000,	
0.716607,	-0.222451,	0.000004,	-0.000000,	
0.717385,	-0.222492,	0.000004,	-0.000000,	
0.718163,	-0.222532,	0.000004,	-0.000000,	
0.718941,	-0.222572,	0.000004,	-0.000000,	
0.719718,	-0.222613,	0.000004,	-0.000000,	
0.720495,	-0.222653,	0.000004,	-0.000000,	
0.721271,	-0.222692,	0.000004,	-0.000000,	
0.722047,	-0.222732,	0.000004,	-0.000000,	
0.722823,	-0.222772,	0.000004,	-0.000000,	
0.723598,	-0.222812,	0.000004,	-0.000000,	
0.724373,	-0.222851,	0.000004,	-0.000000,	
0.725147,	-0.222891,	0.000004,	-0.000000,	
0.725921,	-0.222930,	0.000004,	-0.000000,	
0.726694,	-0.222969,	0.000004,	-0.000000,	
0.727467,	-0.223008,	0.000004,	-0.000000,	
0.728239,	-0.223047,	0.000004,	-0.000000,	
0.729012,	-0.223086,	0.000004,	-0.000000,	
0.729783,	-0.223125,	0.000004,	-0.000000,	
0.730554,	-0.223164,	0.000004,	-0.000000,	
0.731325,	-0.223202,	0.000004,	-0.000000,	
0.732096,	-0.223241,	0.000004,	-0.000000,	
0.732866,	-0.223279,	0.000004,	-0.000000,	
0.733635,	-0.223318,	0.000004,	-0.000000,	
0.734404,	-0.223356,	0.000004,	-0.000000,	
0.735173,	-0.223394,	0.000004,	-0.000000,	
0.735941,	-0.223432,	0.000004,	-0.000000,	
0.736709,	-0.223470,	0.000004,	-0.000000,	
0.737477,	-0.223508,	0.000004,	-0.000000,	
0.738244,	-0.223546,	0.000004,	-0.000000,	
0.739010,	-0.223584,	0.000004,	-0.000000,	
0.739777,	-0.223621,	0.000004,	-0.000000,	
0.740542,	-0.223659,	0.000004,	-0.000000,	
0.741308,	-0.223696,	0.000004,	-0.000000,	
0.742073,	-0.223734,	0.000004,	-0.000000,	
0.742837,	-0.223771,	0.000004,	-0.000000,	
0.743602,	-0.223808,	0.000004,	-0.000000,	
0.744365,	-0.223845,	0.000004,	-0.000000,	
0.745129,	-0.223882,	0.000004,	-0.000000,	
0.745892,	-0.223919,	0.000004,	-0.000000,	
0.746654,	-0.223956,	0.000004,	-0.000000,	
0.747416,	-0.223992,	0.000004,	-0.000000,	
0.748178,	-0.224029,	0.000004,	-0.000000,	
0.748939,	-0.224066,	0.000004,	-0.000000,	
0.749700,	-0.224102,	0.000004,	-0.000000,	
0.750461,	-0.224138,	0.000004,	-0.000000,	
0.751221,	-0.224175,	0.000004,	-0.000000,	
0.751981,	-0.224211,	0.000004,	-0.000000,	
0.752740,	-0.224247,	0.000004,	-0.000000,	
0.753499,	-0.224283,	0.000004,	-0.000000,	
0.754257,	-0.224319,	0.000004,	-0.000000,	
0.755015,	-0.224355,	0.000004,	-0.000000,	
0.755773,	-0.224391,	0.000004,	-0.000000,	
0.756531,	-0.224426,	0.000004,	-0.000000,	
0.757287,	-0.224462,	0.000004,	-0.000000,	
0.758044,	-0.224497,	0.000004,	-0.000000,	
0.758800,	-0.224533,	0.000004,	-0.000000,	
0.759556,	-0.224568,	0.000004,	-0.000000,	
0.760311,	-0.224603,	0.000004,	-0.000000,	
0.761066,	-0.224639,	0.000004,	-0.000000,	
0.761821,	-0.224674,	0.000004,	-0.000000,	
0.762575,	-0.224709,	0.000004,	-0.000000,	
0.763329,	-0.224744,	0.000004,	-0.000000,	
0.764082,	-0.224778,	0.000004,	-0.000000,	
0.764835,	-0.224813,	0.000004,	-0.000000,	
0.765588,	-0.224848,	0.000004,	-0.000000,	
0.766340,	-0.224882,	0.000004,	-0.000000,	
0.767092,	-0.224917,	0.000004,	-0.000000,	
0.767844,	-0.224951,	0.000004,	-0.000000,	
0.768595,	-0.224986,	0.000004,	-0.000000,	
0.769345,	-0.225020,	0.000004,	-0.000000,	
0.770096,	-0.225054,	0.000004,	-0.000000,	
0.770846,	-0.225088,	0.000004,	-0.000000,	
0.771595,	-0.225122,	0.000004,	-0.000000,	
0.772344,	-0.225156,	0.000004,	-0.000000,	
0.773093,	-0.225190,	0.000004,	-0.000000,	
0.773842,	-0.225224,	0.000004,	-0.000000,	
0.774590,	-0.225258,	0.000004,	-0.000000,	
0.775337,	-0.225291,	0.000004,	-0.000000,	
0.776085,	-0.225325,	0.000004,	-0.000000,	
0.776832,	-0.225358,	0.000004,	-0.000000,	
0.777578,	-0.225392,	0.000004,	-0.000000,	
0.778324,	-0.225425,	0.000004,	-0.000000,	
0.779070,	-0.225458,	0.000004,	-0.000000,	
0.779816,	-0.225492,	0.000004,	-0.000000,	
0.780561,	-0.225525,	0.000004,	-0.000000,	
0.781305,	-0.225558,	0.000004,	-0.000000,	
0.782050,	-0.225591,	0.000004,	-0.000000,	
0.782794,	-0.225624,	0.000004,	-0.000000,	
0.783537,	-0.225656,	0.000004,	-0.000000,	
0.784280,	-0.225689,	0.000004,	-0.000000,	
0.785023,	-0.225722,	0.000004,	-0.000000,	
0.785766,	-0.225754,	0.000004,	-0.000000,	
0.786508,	-0.225787,	0.000004,	-0.000000,	
0.787250,	-0.225819,	0.000004,	-0.000000,	
0.787991,	-0.225852,	0.000004,	-0.000000,	
0.788732,	-0.225884,	0.000004,	-0.000000,	
0.789473,	-0.225916,	0.000004,	-0.000000,	
0.790213,	-0.225948,	0.000004,	-0.000000,	
0.790953,	-0.225980,	0.000004,	-0.000000,	
0.791692,	-0.226012,	0.000004,	-0.000000,	
0.792432,	-0.226044,	0.000004,	-0.000000,	
0.793170,	-0.226076,	0.000004,	-0.000000,	
0.793909,	-0.226108,	0.000004,	-0.000000,	
0.794647,	-0.226140,	0.000004,	-0.000000,	
0.795385,	-0.226171,	0.000004,	-0.000000,	
0.796122,	-0.226203,	0.000004,	-0.000000,	
0.796859,	-0.226235,	0.000004,	-0.000000,	
0.797596,	-0.226266,	0.000004,	-0.000000,	
0.798332,	-0.226297,	0.000004,	-0.000000,	
0.799068,	-0.226329,	0.000004,	-0.000000,	
0.799804,	-0.226360,	0.000004,	-0.000000,	
0.800539,	-0.226391,	0.000004,	-0.000000,	
0.801274,	-0.226422,	0.000004,	-0.000000,	
0.802009,	-0.226453,	0.000004,	-0.000000,	
0.802743,	-0.226484,	0.000004,	-0.000000,	
0.803477,	-0.226515,	0.000004,	-0.000000,	
0.804210,	-0.226546,	0.000004,	-0.000000,	
0.804943,	-0.226576,	0.000004,	-0.000000,	
0.805676,	-0.226607,	0.000004,	-0.000000,	
0.806409,	-0.226638,	0.000004,	-0.000000,	
0.807141,	-0.226668,	0.000004,	-0.000000,	
0.807872,	-0.226699,	0.000004,	-0.000000,	
0.808604,	-0.226729,	0.000004,	-0.000000,	
0.809335,	-0.226759,	0.000004,	-0.000000,	
0.810066,	-0.226790,	0.000004,	-0.000000,	
0.810796,	-0.226820,	0.000004,	-0.000000,	
0.811526,	-0.226850,	0.000004,	-0.000000,	
0.812256,	-0.226880,	0.000004,	-0.000000,	
0.812985,	-0.226910,	0.000004,	-0.000000,	
0.813714,	-0.226940,	0.000004,	-0.000000,	
0.814443,	-0.226970,	0.000004,	-0.000000,	
0.815171,	-0.227000,	0.000004,	-0.000000,	
0.815899,	-0.227030,	0.000004,	-0.000000,	
0.816627,	-0.227059,	0.000004,	-0.000000,	
0.817354,	-0.227089,	0.000004,	-0.000000,	
0.818081,	-0.227118,	0.000004,	-0.000000,	
0.818807,	-0.227148,	0.000004,	-0.000000,	
0.819534,	-0.227177,	0.000004,	-0.000000,	
0.820260,	-0.227207,	0.000004,	-0.000000,	
0.820985,	-0.227236,	0.000004,	-0.000000,	
0.821710,	-0.227265,	0.000004,	-0.000000,	
0.822435,	-0.227294,	0.000004,	-0.000000,	
0.823160,	-0.227324,	0.000004,	-0.000000,	
0.823884,	-0.227353,	0.000004,	-0.000000,	
0.824608,	-0.227382,	0.000004,	-0.000000,	
0.825332,	-0.227411,	0.000004,	-0.000000,	
0.826055,	-0.227439,	0.000004,	-0.000000,	
0.826778,	-0.227468,	0.000004,	-0.000000,	
0.827500,	-0.227497,	0.000004,	-0.000000,	
0.828223,	-0.227526,	0.000004,	-0.000000,	
0.828945,	-0.227554,	0.000004,	-0.000000,	
0.829666,	-0.227583,	0.000004,	-0.000000,	
0.830387,	-0.227611,	0.000004,	-0.000000,	
0.831108,	-0.227640,	0.000004,	-0.000000,	
0.831829,	-0.227668,	0.000004,	-0.000000,	
0.832549,	-0.227696,	0.000004,	-0.000000,	
0.833269,	-0.227725,	0.000004,	-0.000000,	
0.833989,	-0.227753,	0.000004,	-0.000000,	
0.834708,	-0.227781,	0.000004,	-0.000000,	
0.835427,	-0.227809,	0.000004,	-0.000000,	
0.836146,	-0.227837,	0.000004,	-0.000000,	
0.836864,	-0.227865,	0.000004,	-0.000000,	
0.837582,	-0.227893,	0.000004,	-0.000000,	
0.838300,	-0.227921,	0.000004,	-0.000000,	
0.839017,	-0.227949,	0.000004,	-0.000000,	
0.839734,	-0.227976,	0.000004,	-0.000000,	
0.840451,	-0.228004,	0.000004,	-0.000000,	
0.841167,	-0.228032,	0.000004,	-0.000000,	
0.841883,	-0.228059,	0.000004,	-0.000000,	
0.842599,	-0.228087,	0.000004,	-0.000000,	
0.843314,	-0.228114,	0.000004,	-0.000000,	
0.844029,	-0.228142,	0.000004,	-0.000000,	
0.844744,	-0.228169,	0.000004,	-0.000000,	
0.845458,	-0.228196,	0.000004,	-0.000000,	
0.846173,	-0.228223,	0.000004,	-0.000000,	
0.846886,	-0.228251,	0.000004,	-0.000000,	
0.847600,	-0.228278,	0.000004,	-0.000000,	
0.848313,	-0.228305,	0.000004,	-0.000000,	
0.849026,	-0.228332,	0.000004,	-0.000000,	
0.849738,	-0.228359,	0.000004,	-0.000000,	
0.850451,	-0.228386,	0.000004,	-0.000000,	
0.851163,	-0.228412,	0.000004,	-0.000000,	
0.851874,	-0.228439,	0.000004,	-0.000000,	
0.852586,	-0.228466,	0.000004,	-0.000000,	
0.853297,	-0.228493,	0.000004,	-0.000000,	
0.854007,	-0.228519,	0.000004,	-0.000000,	
0.854718,	-0.228546,	0.000004,	-0.000000,	
0.855428,	-0.228572,	0.000004,	-0.000000,	
0.856137,	-0.228599,	0.000004,	-0.000000,	
0.856847,	-0.228625,	0.000004,	-0.000000,	
0.857556,	-0.228651,	0.000004,	-0.000000,	
0.858265,	-0.228678,	0.000004,	-0.000000,	
0.858973,	-0.228704,	0.000004,	-0.000000,	
0.859681,	-0.228730,	0.000004,	-0.000000,	
0.860389,	-0.228756,	0.000004,	-0.000000,	
0.861097,	-0.228782,	0.000004,	-0.000000,	
0.861804,	-0.228808,	0.000004,	-0.000000,	
0.862511,	-0.228834,	0.000004,	-0.000000,	
0.863218,	-0.228860,	0.000004,	-0.000000,	
0.863924,	-0.228886,	0.000004,	-0.000000,	
0.864630,	-0.228912,	0.000004,	-0.000000,	
0.865336,	-0.228938,	0.000004,	-0.000000,	
0.866041,	-0.228963,	0.000004,	-0.000000,	
0.866746,	-0.228989,	0.000004,	-0.000000,	
0.867451,	-0.229015,	0.000004,	-0.000000,	
0.868156,	-0.229040,	0.000004,	-0.000000,	
0.868860,	-0.229066,	0.000004,	-0.000000,	
0.869564,	-0.229091,	0.000004,	-0.000000,	
0.870267,	-0.229117,	0.000004,	-0.000000,	
0.870971,	-0.229142,	0.000004,	-0.000000,	
0.871674,	-0.229167,	0.000004,	-0.000000,	
0.872376,	-0.229192,	0.000004,	-0.000000,	
0.873079,	-0.229218,	0.000004,	-0.000000,	
0.873781,	-0.229243,	0.000004,	-0.000000,	
0.874483,	-0.229268,	0.000004,	-0.000000,	
0.875184,	-0.229293,	0.000004,	-0.000000,	
0.875886,	-0.229318,	0.000004,	-0.000000,	
0.876586,	-0.229343,	0.000004,	-0.000000,	
0.877287,	-0.229368,	0.000004,	-0.000000,	
0.877987,	-0.229393,	0.000004,	-0.000000,	
0.878687,	-0.229418,	0.000004,	-0.000000,	
0.879387,	-0.229442,	0.000004,	-0.000000,	
0.880087,	-0.229467,	0.000004,	-0.000000,	
0.880786,	-0.229492,	0.000004,	-0.000000,	
0.881485,	-0.229516,	0.000004,	-0.000000,	
0.882183,	-0.229541,	0.000004,	-0.000000,	
0.882881,	-0.229565,	0.000004,	-0.000000,	
0.883579,	-0.229590,	0.000004,	-0.000000,	
0.884277,	-0.229614,	0.000004,	-0.000000,	
0.884975,	-0.229639,	0.000004,	-0.000000,	
0.885672,	-0.229663,	0.000004,	-0.000000,	
0.886368,	-0.229687,	0.000004,	-0.000000,	
0.887065,	-0.229711,	0.000004,	-0.000000,	
0.887761,	-0.229736,	0.000004,	-0.000000,	
0.888457,	-0.229760,	0.000004,	-0.000000,	
0.889153,	-0.229784,	0.000004,	-0.000000,	
0.889848,	-0.229808,	0.000004,	-0.000000,	
0.890543,	-0.229832,	0.000004,	-0.000000,	
0.891238,	-0.229856,	0.000004,	-0.000000,	
0.891933,	-0.229880,	0.000004,	-0.000000,	
0.892627,	-0.229904,	0.000004,	-0.000000,	
0.893321,	-0.229928,	0.000004,	-0.000000,	
0.894014,	-0.229951,	0.000004,	-0.000000,	
0.894708,	-0.229975,	0.000004,	-0.000000,	
0.895401,	-0.229999,	0.000004,	-0.000000,	
0.896094,	-0.230022,	0.000004,	-0.000000,	
0.896786,	-0.230046,	0.000004,	-0.000000,	
0.897478,	-0.230069,	0.000004,	-0.000000,	
0.898170,	-0.230093,	0.000004,	-0.000000,	
0.898862,	-0.230116,	0.000004,	-0.000000,	
0.899553,	-0.230140,	0.000004,	-0.000000,	
0.900244,	-0.230163,	0.000004,	-0.000000,	
0.900935,	-0.230187,	0.000004,	-0.000000,	
0.901626,	-0.230210,	0.000004,	-0.000000,	
0.902316,	-0.230233,	0.000004,	-0.000000,	
0.903006,	-0.230256,	0.000004,	-0.000000,	
0.903696,	-0.230279,	0.000004,	-0.000000,	
0.904385,	-0.230303,	0.000004,	-0.000000,	
0.905074,	-0.230326,	0.000004,	-0.000000,	
0.905763,	-0.230349,	0.000004,	-0.000000,	
0.906452,	-0.230372,	0.000004,	-0.000000,	
0.907140,	-0.230394,	0.000004,	-0.000000,	
0.907828,	-0.230417,	0.000004,	-0.000000,	
0.908516,	-0.230440,	0.000004,	-0.000000,	
0.909203,	-0.230463,	0.000004,	-0.000000,	
0.909890,	-0.230486,	0.000004,	-0.000000,	
0.910577,	-0.230509,	0.000004,	-0.000000,	
0.911264,	-0.230531,	0.000004,	-0.000000,	
0.911950,	-0.230554,	0.000004,	-0.000000,	
0.912636,	-0.230576,	0.000004,	-0.000000,	
0.913322,	-0.230599,	0.000004,	-0.000000,	
0.914008,	-0.230621,	0.000004,	-0.000000,	
0.914693,	-0.230644,	0.000004,	-0.000000,	
0.915378,	-0.230666,	0.000004,	-0.000000,	
0.916063,	-0.230689,	0.000004,	-0.000000,	
0.916747,	-0.230711,	0.000004,	-0.000000,	
0.917431,	-0.230733,	0.000004,	-0.000000,	
0.918115,	-0.230756,	0.000004,	-0.000000,	
0.918799,	-0.230778,	0.000004,	-0.000000,	
0.919482,	-0.230800,	0.000004,	-0.000000,	
0.920165,	-0.230822,	0.000004,	-0.000000,	
0.920848,	-0.230844,	0.000004,	-0.000000,	
0.921531,	-0.230866,	0.000004,	-0.000000,	
0.922213,	-0.230888,	0.000004,	-0.000000,	
0.922895,	-0.230910,	0.000004,	-0.000000,	
0.923577,	-0.230932,	0.000004,	-0.000000,	
0.924258,	-0.230954,	0.000004,	-0.000000,	
0.924939,	-0.230976,	0.000004,	-0.000000,	
0.925620,	-0.230998,	0.000004,	-0.000000,	
0.926301,	-0.231020,	0.000004,	-0.000000,	
0.926981,	-0.231041,	0.000004,	-0.000000,	
0.927661,	-0.231063,	0.000004,	-0.000000,	
0.928341,	-0.231085,	0.000004,	-0.000000,	
0.929021,	-0.231106,	0.000004,	-0.000000,	
0.929700,	-0.231128,	0.000004,	-0.000000,	
0.930379,	-0.231149,	0.000004,	-0.000000,	
0.931058,	-0.231171,	0.000004,	-0.000000,	
0.931737,	-0.231192,	0.000004,	-0.000000,	
0.932415,	-0.231214,	0.000004,	-0.000000,	
0.933093,	-0.231235,	0.000004,	-0.000000,	
0.933771,	-0.231257,	0.000004,	-0.000000,	
0.934448,	-0.231278,	0.000004,	-0.000000,	
0.935126,	-0.231299,	0.000004,	-0.000000,	
0.935803,	-0.231320,	0.000004,	-0.000000,	
0.936479,	-0.231342,	0.000004,	-0.000000,	
0.937156,	-0.231363,	0.000004,	-0.000000,	
0.937832,	-0.231384,	0.000004,	-0.000000,	
0.938508,	-0.231405,	0.000004,	-0.000000,	
0.939184,	-0.231426,	0.000004,	-0.000000,	
0.939859,	-0.231447,	0.000004,	-0.000000,	
0.940534,	-0.231468,	0.000004,	-0.000000,	
0.941209,	-0.231489,	0.000004,	-0.000000,	
0.941884,	-0.231510,	0.000004,	-0.000000,	
0.942558,	-0.231531,	0.000004,	-0.000000,	
0.943232,	-0.231552,	0.000004,	-0.000000,	
0.943906,	-0.231572,	0.000004,	-0.000000,	
0.944580,	-0.231593,	0.000004,	-0.000000,	
0.945253,	-0.231614,	0.000004,	-0.000000,	
0.945926,	-0.231635,	0.000004,	-0.000000,	
0.946599,	-0.231655,	0.000004,	-0.000000,	
0.947272,	-0.231676,	0.000004,	-0.000000,	
0.947944,	-0.231696,	0.000004,	-0.000000,	
0.948616,	-0.231717,	0.000004,	-0.000000,	
0.949288,	-0.231737,	0.000004,	-0.000000,	
0.949959,	-0.231758,	0.000004,	-0.000000,	
0.950631,	-0.231778,	0.000004,	-0.000000,	
0.951302,	-0.231799,	0.000004,	-0.000000,	
0.951973,	-0.231819,	0.000004,	-0.000000,	
0.952643,	-0.231839,	0.000004,	-0.000000,	
0.953314,	-0.231860,	0.000004,	-0.000000,	
0.953984,	-0.231880,	0.000004,	-0.000000,	
0.954653,	-0.231900,	0.000004,	-0.000000,	
0.955323,	-0.231920,	0.000004,	-0.000000,	
0.955992,	-0.231940,	0.000004,	-0.000000,	
0.956661,	-0.231961,	0.000004,	-0.000000,	
0.957330,	-0.231981,	0.000004,	-0.000000,	
0.957999,	-0.232001,	0.000004,	-0.000000,	
0.958667,	-0.232021,	0.000004,	-0.000000,	
0.959335,	-0.232041,	0.000004,	-0.000000,	
0.960003,	-0.232061,	0.000004,	-0.000000,	
0.960670,	-0.232080,	0.000004,	-0.000000,	
0.961338,	-0.232100,	0.000004,	-0.000000,	
0.962005,	-0.232120,	0.000004,	-0.000000,	
0.962672,	-0.232140,	0.000004,	-0.000000,	
0.963338,	-0.232160,	0.000004,	-0.000000,	
0.964005,	-0.232179,	0.000004,	-0.000000,	
0.964671,	-0.232199,	0.000004,	-0.000000,	
0.965336,	-0.232219,	0.000004,	-0.000000,	
0.966002,	-0.232238,	0.000004,	-0.000000,	
0.966667,	-0.232258,	0.000004,	-0.000000,	
0.967332,	-0.232278,	0.000004,	-0.000000,	
0.967997,	-0.232297,	0.000004,	-0.000000,	
0.968662,	-0.232317,	0.000004,	-0.000000,	
0.969326,	-0.232336,	0.000004,	-0.000000,	
0.969990,	-0.232356,	0.000004,	-0.000000,	
0.970654,	-0.232375,	0.000004,	-0.000000,	
0.971318,	-0.232394,	0.000004,	-0.000000,	
0.971981,	-0.232414,	0.000004,	-0.000000,	
0.972644,	-0.232433,	0.000004,	-0.000000,	
0.973307,	-0.232452,	0.000004,	-0.000000,	
0.973970,	-0.232472,	0.000004,	-0.000000,	
0.974632,	-0.232491,	0.000004,	-0.000000,	
0.975295,	-0.232510,	0.000004,	-0.000000,	
0.975957,	-0.232529,	0.000004,	-0.000000,	
0.976618,	-0.232548,	0.000004,	-0.000000,	
0.977280,	-0.232567,	0.000004,	-0.000000,	
0.977941,	-0.232586,	0.000004,	-0.000000,	
0.978602,	-0.232605,	0.000004,	-0.000000,	
0.979263,	-0.232624,	0.000004,	-0.000000,	
0.979923,	-0.232643,	0.000004,	-0.000000,	
0.980583,	-0.232662,	0.000004,	-0.000000,	
0.981243,	-0.232681,	0.000004,	-0.000000,	
0.981903,	-0.232700,	0.000004,	-0.000000,	
0.982563,	-0.232719,	0.000004,	-0.000000,	
0.983222,	-0.232738,	0.000004,	-0.000000,	
0.983881,	-0.232756,	0.000004,	-0.000000,	
0.984540,	-0.232775,	0.000004,	-0.000000,	
0.985199,	-0.232794,	0.000004,	-0.000000,	
0.985857,	-0.232812,	0.000004,	-0.000000,	
0.986515,	-0.232831,	0.000004,	-0.000000,	
0.987173,	-0.232850,	0.000004,	-0.000000,	
0.987831,	-0.232868,	0.000004,	-0.000000,	
0.988488,	-0.232887,	0.000004,	-0.000000,	
0.989145,	-0.232905,	0.000004,	-0.000000,	
0.989802,	-0.232924,	0.000004,	-0.000000,	
0.990459,	-0.232942,	0.000004,	-0.000000,	
0.991115,	-0.232961,	0.000004,	-0.000000,	
0.991772,	-0.232979,	0.000004,	-0.000000,	
0.992428,	-0.232998,	0.000004,	-0.000000,	
0.993083,	-0.233016,	0.000004,	-0.000000,	
0.993739,	-0.233034,	0.000004,	-0.000000,	
0.994394,	-0.233052,	0.000004,	-0.000000,	
0.995049,	-0.233071,	0.000004,	-0.000000,	
0.995704,	-0.233089,	0.000004,	-0.000000,	
0.996359,	-0.233107,	0.000004,	-0.000000,	
0.997013,	-0.233125,	0.000004,	-0.000000,	
0.997667,	-0.233143,	0.000004,	-0.000000,	
0.998321,	-0.233162,	0.000004,	-0.000000,	
0.998975,	-0.233180,	0.000004,	-0.000000,	
0.999629,	-0.233198,	0.000004,	-0.000000,	
1.000282,	-0.233216,	0.000004,	-0.000000,	
1.000935,	-0.233234,	0.000004,	-0.000000,	
1.001588,	-0.233252,	0.000004,	-0.000000,	
1.002240,	-0.233270,	0.000004,	-0.000000,	
1.002893,	-0.233288,	0.000004,	-0.000000,	
1.003545,	-0.233305,	0.000004,	-0.000000,	
1.004197,	-0.233323,	0.000004,	-0.000000,	
1.004848,	-0.233341,	0.000004,	-0.000000,	
1.005500,	-0.233359,	0.000004,	-0.000000,	
1.006151,	-0.233377,	0.000004,	-0.000000,	
1.006802,	-0.233394,	0.000004,	-0.000000,	
1.007453,	-0.233412,	0.000004,	-0.000000,	
1.008103,	-0.233430,	0.000004,	-0.000000,	
1.008753,	-0.233447,	0.000004,	-0.000000,	
1.009403,	-0.233465,	0.000004,	-0.000000,	
1.010053,	-0.233483,	0.000004,	-0.000000,	
1.010703,	-0.233500,	0.000004,	-0.000000,	
1.011352,	-0.233518,	0.000004,	-0.000000,	
1.012001,	-0.233535,	0.000004,	-0.000000,	
1.012650,	-0.233553,	0.000004,	-0.000000,	
1.013299,	-0.233570,	0.000004,	-0.000000,	
1.013948,	-0.233588,	0.000004,	-0.000000,	
1.014596,	-0.233605,	0.000004,	-0.000000,	
1.015244,	-0.233622,	0.000004,	-0.000000,	
1.015892,	-0.233640,	0.000004,	-0.000000,	
1.016539,	-0.233657,	0.000004,	-0.000000,	
1.017187,	-0.233674,	0.000004,	-0.000000,	
1.017834,	-0.233692,	0.000004,	-0.000000,	
1.018481,	-0.233709,	0.000004,	-0.000000,	
1.019128,	-0.233726,	0.000004,	-0.000000,	
1.019774,	-0.233743,	0.000004,	-0.000000,	
1.020420,	-0.233760,	0.000004,	-0.000000,	
1.021066,	-0.233778,	0.000004,	-0.000000,	
1.021712,	-0.233795,	0.000004,	-0.000000,	
1.022358,	-0.233812,	0.000004,	-0.000000,	
1.023003,	-0.233829,	0.000004,	-0.000000,	
1.023648,	-0.233846,	0.000004,	-0.000000,	
1.024293,	-0.233863,	0.000004,	-0.000000,	
1.024938,	-0.233880,	0.000004,	-0.000000,	
1.025583,	-0.233897,	0.000004,	-0.000000,	
1.026227,	-0.233914,	0.000004,	-0.000000,	
1.026871,	-0.233931,	0.000004,	-0.000000,	
1.027515,	-0.233947,	0.000004,	-0.000000,	
1.028159,	-0.233964,	0.000004,	-0.000000,	
1.028802,	-0.233981,	0.000004,	-0.000000,	
1.029445,	-0.233998,	0.000004,	-0.000000,	
1.030088,	-0.234015,	0.000004,	-0.000000,	
1.030731,	-0.234031,	0.000004,	-0.000000,	
1.031374,	-0.234048,	0.000004,	-0.000000,	
1.032016,	-0.234065,	0.000004,	-0.000000,	
1.032658,	-0.234081,	0.000004,	-0.000000,	
1.033300,	-0.234098,	0.000004,	-0.000000,	
1.033942,	-0.234115,	0.000004,	-0.000000,	
1.034583,	-0.234131,	0.000004,	-0.000000,	
1.035225,	-0.234148,	0.000004,	-0.000000,	
1.035866,	-0.234164,	0.000004,	-0.000000,	
1.036506,	-0.234181,	0.000004,	-0.000000,	
1.037147,	-0.234197,	0.000004,	-0.000000,	
1.037787,	-0.234214,	0.000004,	-0.000000,	
1.038428,	-0.234230,	0.000004,	-0.000000,	
1.039068,	-0.234247,	0.000004,	-0.000000,	
1.039707,	-0.234263,	0.000004,	-0.000000,	
1.040347,	-0.234279,	0.000004,	-0.000000,	
1.040986,	-0.234296,	0.000004,	-0.000000,	
1.041626,	-0.234312,	0.000004,	-0.000000,	
1.042265,	-0.234328,	0.000004,	-0.000000,	
1.042903,	-0.234345,	0.000004,	-0.000000,	
1.043542,	-0.234361,	0.000004,	-0.000000,	
1.044180,	-0.234377,	0.000004,	-0.000000,	
1.044818,	-0.234393,	0.000004,	-0.000000,	
1.045456,	-0.234410,	0.000004,	-0.000000,	
1.046094,	-0.234426,	0.000004,	-0.000000,	
1.046731,	-0.234442,	0.000004,	-0.000000,	
1.047368,	-0.234458,	0.000004,	-0.000000,	
1.048005,	-0.234474,	0.000004,	-0.000000,	
1.048642,	-0.234490,	0.000004,	-0.000000,	
1.049279,	-0.234506,	0.000004,	-0.000000,	
1.049915,	-0.234522,	0.000004,	-0.000000,	
1.050552,	-0.234538,	0.000004,	-0.000000,	
1.051188,	-0.234554,	0.000004,	-0.000000,	
1.051823,	-0.234570,	0.000004,	-0.000000,	
1.052459,	-0.234586,	0.000004,	-0.000000,	
1.053094,	-0.234602,	0.000004,	-0.000000,	
1.053730,	-0.234618,	0.000004,	-0.000000,	
1.054365,	-0.234633,	0.000004,	-0.000000,	
1.054999,	-0.234649,	0.000004,	-0.000000,	
1.055634,	-0.234665,	0.000004,	-0.000000,	
1.056268,	-0.234681,	0.000004,	-0.000000,	
1.056902,	-0.234697,	0.000004,	-0.000000,	
1.057536,	-0.234712,	0.000004,	-0.000000,	
1.058170,	-0.234728,	0.000004,	-0.000000,	
1.058804,	-0.234744,	0.000004,	-0.000000,	
1.059437,	-0.234759,	0.000004,	-0.000000,	
1.060070,	-0.234775,	0.000004,	-0.000000,	
1.060703,	-0.234791,	0.000004,	-0.000000,	
1.061336,	-0.234806,	0.000004,	-0.000000,	
1.061968,	-0.234822,	0.000004,	-0.000000,	
1.062600,	-0.234837,	0.000004,	-0.000000,	
1.063233,	-0.234853,	0.000004,	-0.000000,	
1.063864,	-0.234868,	0.000004,	-0.000000,	
1.064496,	-0.234884,	0.000004,	-0.000000,	
1.065128,	-0.234899,	0.000004,	-0.000000,	
1.065759,	-0.234915,	0.000004,	-0.000000,	
1.066390,	-0.234930,	0.000004,	-0.000000,	
1.067021,	-0.234945,	0.000004,	-0.000000,	
1.067652,	-0.234961,	0.000004,	-0.000000,	
1.068282,	-0.234976,	0.000004,	-0.000000,	
1.068912,	-0.234992,	0.000004,	-0.000000,	
1.069542,	-0.235007,	0.000003,	-0.000000,	
1.070172,	-0.235022,	0.000003,	-0.000000,	
1.070802,	-0.235037,	0.000003,	-0.000000,	
1.071431,	-0.235053,	0.000003,	-0.000000,	
1.072061,	-0.235068,	0.000003,	-0.000000,	
1.072690,	-0.235083,	0.000003,	-0.000000,	
1.073319,	-0.235098,	0.000003,	-0.000000,	
1.073947,	-0.235113,	0.000003,	-0.000000,	
1.074576,	-0.235128,	0.000003,	-0.000000,	
1.075204,	-0.235144,	0.000003,	-0.000000,	
1.075832,	-0.235159,	0.000003,	-0.000000,	
1.076460,	-0.235174,	0.000003,	-0.000000,	
1.077088,	-0.235189,	0.000003,	-0.000000,	
1.077715,	-0.235204,	0.000003,	-0.000000,	
1.078343,	-0.235219,	0.000003,	-0.000000,	
1.078970,	-0.235234,	0.000003,	-0.000000,	
1.079597,	-0.235249,	0.000003,	-0.000000,	
1.080223,	-0.235264,	0.000003,	-0.000000,	
1.080850,	-0.235279,	0.000003,	-0.000000,	
1.081476,	-0.235293,	0.000003,	-0.000000,	
1.082102,	-0.235308,	0.000003,	-0.000000,	
1.082728,	-0.235323,	0.000003,	-0.000000,	
1.083354,	-0.235338,	0.000003,	-0.000000,	
1.083979,	-0.235353,	0.000003,	-0.000000,	
1.084605,	-0.235368,	0.000003,	-0.000000,	
1.085230,	-0.235382,	0.000003,	-0.000000,	
1.085855,	-0.235397,	0.000003,	-0.000000,	
1.086479,	-0.235412,	0.000003,	-0.000000,	
1.087104,	-0.235427,	0.000003,	-0.000000,	
1.087728,	-0.235441,	0.000003,	-0.000000,	
1.088352,	-0.235456,	0.000003,	-0.000000,	
1.088976,	-0.235471,	0.000003,	-0.000000,	
1.089600,	-0.235485,	0.000003,	-0.000000,	
1.090224,	-0.235500,	0.000003,	-0.000000,	
1.090847,	-0.235514,	0.000003,	-0.000000,	
1.091470,	-0.235529,	0.000003,	-0.000000,	
1.092093,	-0.235543,	0.000003,	-0.000000,	
1.092716,	-0.235558,	0.000003,	-0.000000,	
1.093339,	-0.235572,	0.000003,	-0.000000,	
1.093961,	-0.235587,	0.000003,	-0.000000,	
1.094583,	-0.235601,	0.000003,	-0.000000,	
1.095205,	-0.235616,	0.000003,	-0.000000,	
1.095827,	-0.235630,	0.000003,	-0.000000,	
1.096449,	-0.235645,	0.000003,	-0.000000,	
1.097070,	-0.235659,	0.000003,	-0.000000,	
1.097692,	-0.235673,	0.000003,	-0.000000,	
1.098313,	-0.235688,	0.000003,	-0.000000,	
1.098934,	-0.235702,	0.000003,	-0.000000,	
1.099554,	-0.235716,	0.000003,	-0.000000,	
1.100175,	-0.235731,	0.000003,	-0.000000,	
1.100795,	-0.235745,	0.000003,	-0.000000,	
1.101415,	-0.235759,	0.000003,	-0.000000,	
1.102035,	-0.235773,	0.000003,	-0.000000,	
1.102655,	-0.235788,	0.000003,	-0.000000,	
1.103275,	-0.235802,	0.000003,	-0.000000,	
1.103894,	-0.235816,	0.000003,	-0.000000,	
1.104513,	-0.235830,	0.000003,	-0.000000,	
1.105132,	-0.235844,	0.000003,	-0.000000,	
1.105751,	-0.235858,	0.000003,	-0.000000,	
1.106370,	-0.235873,	0.000003,	-0.000000,	
1.106988,	-0.235887,	0.000003,	-0.000000,	
1.107606,	-0.235901,	0.000003,	-0.000000,	
1.108224,	-0.235915,	0.000003,	-0.000000,	
1.108842,	-0.235929,	0.000003,	-0.000000,	
1.109460,	-0.235943,	0.000003,	-0.000000,	
1.110077,	-0.235957,	0.000003,	-0.000000,	
1.110695,	-0.235971,	0.000003,	-0.000000,	
1.111312,	-0.235985,	0.000003,	-0.000000,	
1.111929,	-0.235999,	0.000003,	-0.000000,	
1.112545,	-0.236012,	0.000003,	-0.000000,	
1.113162,	-0.236026,	0.000003,	-0.000000,	
1.113778,	-0.236040,	0.000003,	-0.000000,	
1.114395,	-0.236054,	0.000003,	-0.000000,	
1.115011,	-0.236068,	0.000003,	-0.000000,	
1.115626,	-0.236082,	0.000003,	-0.000000,	
1.116242,	-0.236096,	0.000003,	-0.000000,	
1.116858,	-0.236109,	0.000003,	-0.000000,	
1.117473,	-0.236123,	0.000003,	-0.000000,	
1.118088,	-0.236137,	0.000003,	-0.000000,	
1.118703,	-0.236151,	0.000003,	-0.000000,	
1.119318,	-0.236164,	0.000003,	-0.000000,	
1.119932,	-0.236178,	0.000003,	-0.000000,	
1.120546,	-0.236192,	0.000003,	-0.000000,	
1.121161,	-0.236205,	0.000003,	-0.000000,	
1.121775,	-0.236219,	0.000003,	-0.000000,	
1.122388,	-0.236232,	0.000003,	-0.000000,	
1.123002,	-0.236246,	0.000003,	-0.000000,	
1.123615,	-0.236260,	0.000003,	-0.000000,	
1.124229,	-0.236273,	0.000003,	-0.000000,	
1.124842,	-0.236287,	0.000003,	-0.000000,	
1.125455,	-0.236300,	0.000003,	-0.000000,	
1.126067,	-0.236314,	0.000003,	-0.000000,	
1.126680,	-0.236327,	0.000003,	-0.000000,	
1.127292,	-0.236341,	0.000003,	-0.000000,	
1.127904,	-0.236354,	0.000003,	-0.000000,	
1.128516,	-0.236368,	0.000003,	-0.000000,	
1.129128,	-0.236381,	0.000003,	-0.000000,	
1.129740,	-0.236394,	0.000003,	-0.000000,	
1.130351,	-0.236408,	0.000003,	-0.000000,	
1.130963,	-0.236421,	0.000003,	-0.000000,	
1.131574,	-0.236435,	0.000003,	-0.000000,	
1.132185,	-0.236448,	0.000003,	-0.000000,	
1.132795,	-0.236461,	0.000003,	-0.000000,	
1.133406,	-0.236475,	0.000003,	-0.000000,	
1.134016,	-0.236488,	0.000003,	-0.000000,	
1.134626,	-0.236501,	0.000003,	-0.000000,	
1.135237,	-0.236514,	0.000003,	-0.000000,	
1.135846,	-0.236528,	0.000003,	-0.000000,	
1.136456,	-0.236541,	0.000003,	-0.000000,	
1.137065,	-0.236554,	0.000003,	-0.000000,	
1.137675,	-0.236567,	0.000003,	-0.000000,	
1.138284,	-0.236580,	0.000003,	-0.000000,	
1.138893,	-0.236593,	0.000003,	-0.000000,	
1.139502,	-0.236607,	0.000003,	-0.000000,	
1.140110,	-0.236620,	0.000003,	-0.000000,	
1.140719,	-0.236633,	0.000003,	-0.000000,	
1.141327,	-0.236646,	0.000003,	-0.000000,	
1.141935,	-0.236659,	0.000003,	-0.000000,	
1.142543,	-0.236672,	0.000003,	-0.000000,	
1.143151,	-0.236685,	0.000003,	-0.000000,	
1.143758,	-0.236698,	0.000003,	-0.000000,	
1.144365,	-0.236711,	0.000003,	-0.000000,	
1.144973,	-0.236724,	0.000003,	-0.000000,	
1.145580,	-0.236737,	0.000003,	-0.000000,	
1.146187,	-0.236750,	0.000003,	-0.000000,	
1.146793,	-0.236763,	0.000003,	-0.000000,	
1.147400,	-0.236776,	0.000003,	-0.000000,	
1.148006,	-0.236789,	0.000003,	-0.000000,	
1.148612,	-0.236802,	0.000003,	-0.000000,	
1.149218,	-0.236814,	0.000003,	-0.000000,	
1.149824,	-0.236827,	0.000003,	-0.000000,	
1.150429,	-0.236840,	0.000003,	-0.000000,	
1.151035,	-0.236853,	0.000003,	-0.000000,	
1.151640,	-0.236866,	0.000003,	-0.000000,	
1.152245,	-0.236879,	0.000003,	-0.000000,	
1.152850,	-0.236891,	0.000003,	-0.000000,	
1.153455,	-0.236904,	0.000003,	-0.000000,	
1.154060,	-0.236917,	0.000003,	-0.000000,	
1.154664,	-0.236929,	0.000003,	-0.000000,	
1.155268,	-0.236942,	0.000003,	-0.000000,	
1.155872,	-0.236955,	0.000003,	-0.000000,	
1.156476,	-0.236968,	0.000003,	-0.000000,	
1.157080,	-0.236980,	0.000003,	-0.000000,	
1.157683,	-0.236993,	0.000003,	-0.000000,	
1.158287,	-0.237005,	0.000003,	-0.000000,	
1.158890,	-0.237018,	0.000003,	-0.000000,	
1.159493,	-0.237031,	0.000003,	-0.000000,	
1.160096,	-0.237043,	0.000003,	-0.000000,	
1.160699,	-0.237056,	0.000003,	-0.000000,	
1.161301,	-0.237068,	0.000003,	-0.000000,	
1.161903,	-0.237081,	0.000003,	-0.000000,	
1.162506,	-0.237093,	0.000003,	-0.000000,	
1.163108,	-0.237106,	0.000003,	-0.000000,	
1.163709,	-0.237118,	0.000003,	-0.000000,	
1.164311,	-0.237131,	0.000003,	-0.000000,	
1.164913,	-0.237143,	0.000003,	-0.000000,	
1.165514,	-0.237156,	0.000003,	-0.000000,	
1.166115,	-0.237168,	0.000003,	-0.000000,	
1.166716,	-0.237181,	0.000003,	-0.000000,	
1.167317,	-0.237193,	0.000003,	-0.000000,	
1.167918,	-0.237205,	0.000003,	-0.000000,	
1.168518,	-0.237218,	0.000003,	-0.000000,	
1.169118,	-0.237230,	0.000003,	-0.000000,	
1.169718,	-0.237242,	0.000003,	-0.000000,	
1.170318,	-0.237255,	0.000003,	-0.000000,	
1.170918,	-0.237267,	0.000003,	-0.000000,	
1.171518,	-0.237279,	0.000003,	-0.000000,	
1.172117,	-0.237292,	0.000003,	-0.000000,	
1.172717,	-0.237304,	0.000003,	-0.000000,	
1.173316,	-0.237316,	0.000003,	-0.000000,	
1.173915,	-0.237328,	0.000003,	-0.000000,	
1.174514,	-0.237341,	0.000003,	-0.000000,	
1.175112,	-0.237353,	0.000003,	-0.000000,	
1.175711,	-0.237365,	0.000003,	-0.000000,	
1.176309,	-0.237377,	0.000003,	-0.000000,	
1.176907,	-0.237389,	0.000003,	-0.000000,	
1.177505,	-0.237401,	0.000003,	-0.000000,	
1.178103,	-0.237414,	0.000003,	-0.000000,	
1.178701,	-0.237426,	0.000003,	-0.000000,	
1.179298,	-0.237438,	0.000003,	-0.000000,	
1.179895,	-0.237450,	0.000003,	-0.000000,	
1.180493,	-0.237462,	0.000003,	-0.000000,	
1.181090,	-0.237474,	0.000003,	-0.000000,	
1.181686,	-0.237486,	0.000003,	-0.000000,	
1.182283,	-0.237498,	0.000003,	-0.000000,	
1.182879,	-0.237510,	0.000003,	-0.000000,	
1.183476,	-0.237522,	0.000003,	-0.000000,	
1.184072,	-0.237534,	0.000003,	-0.000000,	
1.184668,	-0.237546,	0.000003,	-0.000000,	
1.185264,	-0.237558,	0.000003,	-0.000000,	
1.185859,	-0.237570,	0.000003,	-0.000000,	
1.186455,	-0.237582,	0.000003,	-0.000000,	
1.187050,	-0.237594,	0.000003,	-0.000000,	
1.187645,	-0.237606,	0.000003,	-0.000000,	
1.188241,	-0.237617,	0.000003,	-0.000000,	
1.188835,	-0.237629,	0.000003,	-0.000000,	
1.189430,	-0.237641,	0.000003,	-0.000000,	
1.190025,	-0.237653,	0.000003,	-0.000000,	
1.190619,	-0.237665,	0.000003,	-0.000000,	
1.191213,	-0.237677,	0.000003,	-0.000000,	
1.191807,	-0.237688,	0.000003,	-0.000000,	
1.192401,	-0.237700,	0.000003,	-0.000000,	
1.192995,	-0.237712,	0.000003,	-0.000000,	
1.193588,	-0.237724,	0.000003,	-0.000000,	
1.194182,	-0.237735,	0.000003,	-0.000000,	
1.194775,	-0.237747,	0.000003,	-0.000000,	
1.195368,	-0.237759,	0.000003,	-0.000000,	
1.195961,	-0.237771,	0.000003,	-0.000000,	
1.196554,	-0.237782,	0.000003,	-0.000000,	
1.197146,	-0.237794,	0.000003,	-0.000000,	
1.197739,	-0.237806,	0.000003,	-0.000000,	
1.198331,	-0.237817,	0.000003,	-0.000000,	
1.198923,	-0.237829,	0.000003,	-0.000000,	
1.199515,	-0.237841,	0.000003,	-0.000000,	
1.200107,	-0.237852,	0.000003,	-0.000000,	
1.200698,	-0.237864,	0.000003,	-0.000000,	
1.201290,	-0.237875,	0.000003,	-0.000000,	
1.201881,	-0.237887,	0.000003,	-0.000000,	
1.202472,	-0.237898,	0.000003,	-0.000000,	
1.203063,	-0.237910,	0.000003,	-0.000000,	
1.203654,	-0.237922,	0.000003,	-0.000000,	
1.204245,	-0.237933,	0.000003,	-0.000000,	
1.204835,	-0.237945,	0.000003,	-0.000000,	
1.205426,	-0.237956,	0.000003,	-0.000000,	
1.206016,	-0.237967,	0.000003,	-0.000000,	
1.206606,	-0.237979,	0.000003,	-0.000000,	
1.207196,	-0.237990,	0.000003,	-0.000000,	
1.207786,	-0.238002,	0.000003,	-0.000000,	
1.208375,	-0.238013,	0.000003,	-0.000000,	
1.208965,	-0.238025,	0.000003,	-0.000000,	
1.209554,	-0.238036,	0.000003,	-0.000000,	
1.210143,	-0.238047,	0.000003,	-0.000000,	
1.210732,	-0.238059,	0.000003,	-0.000000,	
1.211321,	-0.238070,	0.000003,	-0.000000,	
1.211909,	-0.238081,	0.000003,	-0.000000,	
1.212498,	-0.238093,	0.000003,	-0.000000,	
1.213086,	-0.238104,	0.000003,	-0.000000,	
1.213674,	-0.238115,	0.000003,	-0.000000,	
1.214262,	-0.238127,	0.000003,	-0.000000,	
1.214850,	-0.238138,	0.000003,	-0.000000,	
1.215438,	-0.238149,	0.000003,	-0.000000,	
1.216025,	-0.238160,	0.000003,	-0.000000,	
1.216613,	-0.238172,	0.000003,	-0.000000,	
1.217200,	-0.238183,	0.000003,	-0.000000,	
1.217787,	-0.238194,	0.000003,	-0.000000,	
1.218374,	-0.238205,	0.000003,	-0.000000,	
1.218961,	-0.238217,	0.000003,	-0.000000,	
1.219547,	-0.238228,	0.000003,	-0.000000,	
1.220134,	-0.238239,	0.000003,	-0.000000,	
1.220720,	-0.238250,	0.000003,	-0.000000,	
1.221306,	-0.238261,	0.000003,	-0.000000,	
1.221892,	-0.238272,	0.000003,	-0.000000,	
1.222478,	-0.238283,	0.000003,	-0.000000,	
1.223064,	-0.238294,	0.000003,	-0.000000,	
1.223649,	-0.238306,	0.000003,	-0.000000,	
1.224235,	-0.238317,	0.000003,	-0.000000,	
1.224820,	-0.238328,	0.000003,	-0.000000,	
1.225405,	-0.238339,	0.000003,	-0.000000,	
1.225990,	-0.238350,	0.000003,	-0.000000,	
1.226575,	-0.238361,	0.000003,	-0.000000,	
1.227159,	-0.238372,	0.000003,	-0.000000,	
1.227744,	-0.238383,	0.000003,	-0.000000,	
1.228328,	-0.238394,	0.000003,	-0.000000,	
1.228912,	-0.238405,	0.000003,	-0.000000,	
1.229496,	-0.238416,	0.000003,	-0.000000,	
1.230080,	-0.238427,	0.000003,	-0.000000,	
1.230664,	-0.238438,	0.000003,	-0.000000,	
1.231247,	-0.238449,	0.000003,	-0.000000,	
1.231831,	-0.238459,	0.000003,	-0.000000,	
1.232414,	-0.238470,	0.000003,	-0.000000,	
1.232997,	-0.238481,	0.000003,	-0.000000,	
1.233580,	-0.238492,	0.000003,	-0.000000,	
1.234163,	-0.238503,	0.000003,	-0.000000,	
1.234745,	-0.238514,	0.000003,	-0.000000,	
1.235328,	-0.238525,	0.000003,	-0.000000,	
1.235910,	-0.238535,	0.000003,	-0.000000,	
1.236492,	-0.238546,	0.000003,	-0.000000,	
1.237074,	-0.238557,	0.000003,	-0.000000,	
1.237656,	-0.238568,	0.000003,	-0.000000,	
1.238238,	-0.238579,	0.000003,	-0.000000,	
1.238819,	-0.238589,	0.000003,	-0.000000,	
1.239401,	-0.238600,	0.000003,	-0.000000,	
1.239982,	-0.238611,	0.000003,	-0.000000,	
1.240563,	-0.238622,	0.000003,	-0.000000,	
1.241144,	-0.238632,	0.000003,	-0.000000,	
1.241725,	-0.238643,	0.000003,	-0.000000,	
1.242306,	-0.238654,	0.000003,	-0.000000,	
1.242886,	-0.238664,	0.000003,	-0.000000,	
1.243467,	-0.238675,	0.000003,	-0.000000,	
1.244047,	-0.238686,	0.000003,	-0.000000,	
1.244627,	-0.238696,	0.000003,	-0.000000,	
1.245207,	-0.238707,	0.000003,	-0.000000,	
1.245787,	-0.238718,	0.000003,	-0.000000,	
1.246366,	-0.238728,	0.000003,	-0.000000,	
1.246946,	-0.238739,	0.000003,	-0.000000,	
1.247525,	-0.238750,	0.000003,	-0.000000,	
1.248104,	-0.238760,	0.000003,	-0.000000,	
1.248683,	-0.238771,	0.000003,	-0.000000,	
1.249262,	-0.238781,	0.000003,	-0.000000,	
1.249841,	-0.238792,	0.000003,	-0.000000,	
1.250420,	-0.238802,	0.000003,	-0.000000,	
1.250998,	-0.238813,	0.000003,	-0.000000,	
1.251577,	-0.238823,	0.000003,	-0.000000,	
1.252155,	-0.238834,	0.000003,	-0.000000,	
1.252733,	-0.238844,	0.000003,	-0.000000,	
1.253311,	-0.238855,	0.000003,	-0.000000,	
1.253888,	-0.238865,	0.000003,	-0.000000,	
1.254466,	-0.238876,	0.000003,	-0.000000,	
1.255043,	-0.238886,	0.000003,	-0.000000,	
1.255621,	-0.238897,	0.000003,	-0.000000,	
1.256198,	-0.238907,	0.000003,	-0.000000,	
1.256775,	-0.238917,	0.000003,	-0.000000,	
1.257352,	-0.238928,	0.000003,	-0.000000,	
1.257928,	-0.238938,	0.000003,	-0.000000,	
1.258505,	-0.238949,	0.000003,	-0.000000,	
1.259081,	-0.238959,	0.000003,	-0.000000,	
1.259658,	-0.238969,	0.000003,	-0.000000,	
1.260234,	-0.238980,	0.000003,	-0.000000,	
1.260810,	-0.238990,	0.000003,	-0.000000,	
1.261386,	-0.239000,	0.000003,	-0.000000,	
1.261961,	-0.239011,	0.000003,	-0.000000,	
1.262537,	-0.239021,	0.000003,	-0.000000,	
1.263112,	-0.239031,	0.000003,	-0.000000,	
1.263687,	-0.239041,	0.000003,	-0.000000,	
1.264263,	-0.239052,	0.000003,	-0.000000,	
1.264838,	-0.239062,	0.000003,	-0.000000,	
1.265412,	-0.239072,	0.000003,	-0.000000,	
1.265987,	-0.239082,	0.000003,	-0.000000,	
1.266562,	-0.239093,	0.000003,	-0.000000,	
1.267136,	-0.239103,	0.000003,	-0.000000,	
1.267710,	-0.239113,	0.000003,	-0.000000,	
1.268284,	-0.239123,	0.000003,	-0.000000,	
1.268858,	-0.239133,	0.000003,	-0.000000,	
1.269432,	-0.239144,	0.000003,	-0.000000,	
1.270006,	-0.239154,	0.000003,	-0.000000,	
1.270579,	-0.239164,	0.000003,	-0.000000,	
1.271153,	-0.239174,	0.000003,	-0.000000,	
1.271726,	-0.239184,	0.000003,	-0.000000,	
1.272299,	-0.239194,	0.000003,	-0.000000,	
1.272872,	-0.239204,	0.000003,	-0.000000,	
1.273445,	-0.239215,	0.000003,	-0.000000,	
1.274018,	-0.239225,	0.000003,	-0.000000,	
1.274590,	-0.239235,	0.000003,	-0.000000,	
1.275163,	-0.239245,	0.000003,	-0.000000,	
1.275735,	-0.239255,	0.000003,	-0.000000,	
1.276307,	-0.239265,	0.000003,	-0.000000,	
1.276879,	-0.239275,	0.000003,	-0.000000,	
1.277451,	-0.239285,	0.000003,	-0.000000,	
1.278023,	-0.239295,	0.000003,	-0.000000,	
1.278594,	-0.239305,	0.000003,	-0.000000,	
1.279166,	-0.239315,	0.000003,	-0.000000,	
1.279737,	-0.239325,	0.000003,	-0.000000,	
1.280308,	-0.239335,	0.000003,	-0.000000,	
1.280879,	-0.239345,	0.000003,	-0.000000,	
1.281450,	-0.239355,	0.000003,	-0.000000,	
1.282021,	-0.239365,	0.000003,	-0.000000,	
1.282591,	-0.239375,	0.000003,	-0.000000,	
1.283162,	-0.239385,	0.000003,	-0.000000,	
1.283732,	-0.239394,	0.000003,	-0.000000,	
1.284302,	-0.239404,	0.000003,	-0.000000,	
1.284872,	-0.239414,	0.000003,	-0.000000,	
1.285442,	-0.239424,	0.000003,	-0.000000,	
1.286012,	-0.239434,	0.000003,	-0.000000,	
1.286581,	-0.239444,	0.000003,	-0.000000,	
1.287151,	-0.239454,	0.000003,	-0.000000,	
1.287720,	-0.239463,	0.000003,	-0.000000,	
1.288289,	-0.239473,	0.000003,	-0.000000,	
1.288858,	-0.239483,	0.000003,	-0.000000,	
1.289427,	-0.239493,	0.000003,	-0.000000,	
1.289996,	-0.239503,	0.000003,	-0.000000,	
1.290565,	-0.239513,	0.000003,	-0.000000,	
1.291133,	-0.239522,	0.000003,	-0.000000,	
1.291701,	-0.239532,	0.000003,	-0.000000,	
1.292270,	-0.239542,	0.000003,	-0.000000,	
1.292838,	-0.239552,	0.000003,	-0.000000,	
1.293406,	-0.239561,	0.000003,	-0.000000,	
1.293974,	-0.239571,	0.000003,	-0.000000,	
1.294541,	-0.239581,	0.000003,	-0.000000,	
1.295109,	-0.239590,	0.000003,	-0.000000,	
1.295676,	-0.239600,	0.000003,	-0.000000,	
1.296243,	-0.239610,	0.000003,	-0.000000,	
1.296811,	-0.239619,	0.000003,	-0.000000,	
1.297377,	-0.239629,	0.000003,	-0.000000,	
1.297944,	-0.239639,	0.000003,	-0.000000,	
1.298511,	-0.239648,	0.000003,	-0.000000,	
1.299078,	-0.239658,	0.000003,	-0.000000,	
