0.000000,5487864564.805759
60.000000,4983460657.962780
120.000000,4644066006.762388
180.000000,4403060599.045656
240.000000,4224803711.553384
300.000000,4088677016.725318
360.000000,3982011172.791351
420.000000,3896638111.703996
480.000000,3827081087.291643
540.000000,3769545932.105434
600.000000,3721330421.480725
660.000000,3680463812.208262
720.000000,3645478940.811643
780.000000,3615263666.868796
840.000000,3588961422.754974
900.000000,3565903056.798429
960.000000,3545559139.741743
1020.000000,3527505963.302580
1080.000000,3511400890.546522
1140.000000,3496964213.095807
1200.000000,3483965612.338794
1260.000000,3472213928.437117
1320.000000,3461549339.303277
1380.000000,3451837318.087301
1440.000000,3442963918.771331
1500.000000,3434832064.429237
1560.000000,3427358600.162090
1620.000000,3420471934.728398
1680.000000,3414110139.384869
1740.000000,3408219404.746525
1800.000000,3402752780.157716
1860.000000,3397669137.604639
1920.000000,3392932315.310424
1980.000000,3388510406.037771
2040.000000,3384375162.637719
2100.000000,3380501499.137735
2160.000000,3376867070.103178
2220.000000,3373451914.455916
2280.000000,3370238152.631250
2340.000000,3367209728.077262
2400.000000,3364352185.780671
2460.000000,3361652481.840129
2520.000000,3359098819.178296
2580.000000,3356680505.344185
2640.000000,3354387829.053157
2700.000000,3352211952.676094
2760.000000,3350144818.350381
2820.000000,3348179065.762202
2880.000000,3346307959.960012
2940.000000,3344525327.815013
3000.000000,3342825501.957123
3060.000000,3341203271.190984
3120.000000,3339653836.544303
3180.000000,3338172772.224141
3240.000000,3336755990.860289
3300.000000,3335399712.502598
3360.000000,3334100436.912697
3420.000000,3332854918.753286
3480.000000,3331660145.331516
3540.000000,3330513316.598202
3600.000000,3329411827.143607
3660.000000,3328353249.963550
3720.000000,3327335321.798409
3780.000000,3326355929.871908
3840.000000,3325413099.878073
3900.000000,3324504985.082896
3960.000000,3323629856.423201
4020.000000,3322786093.499075
4080.000000,3321972176.368307
4140.000000,3321186678.061543
4200.000000,3320428257.746344
4260.000000,3319695654.476084
4320.000000,3318987681.466905
4380.000000,3318303220.851854
4440.000000,3317641218.867126
4500.000000,3317000681.429767
4560.000000,3316380670.070711
4620.000000,3315780298.190619
4680.000000,3315198727.609407
4740.000000,3314635165.383158
4800.000000,3314088860.864929
4860.000000,3313559102.988098
4920.000000,3313045217.753128
4980.000000,3312546565.900330
5040.000000,3312062540.752987
5100.000000,3311592566.216680
5160.000000,3311136094.921818
5220.000000,3310692606.497783
5280.000000,3310261605.968015
5340.000000,3309842622.256444
5400.000000,3309435206.796326
5460.000000,3309038932.233661
5520.000000,3308653391.217724
5580.000000,3308278195.272042
5640.000000,3307912973.739879
5700.000000,3307557372.798341
5760.000000,3307211054.536287
5820.000000,3306873696.091141
5880.000000,3306544988.840433
5940.000000,3306224637.644021
6000.000000,3305912360.133432
6060.000000,3305607886.044981
6120.000000,3305310956.593491
6180.000000,3305021323.883955
6240.000000,3304738750.358393
6300.000000,3304463008.275521
6360.000000,3304193879.221037
6420.000000,3303931153.646492
6480.000000,3303674630.434753
6540.000000,3303424116.490400
6600.000000,3303179426.353350
6660.000000,3302940381.834266
6720.000000,3302706811.670308
6780.000000,3302478551.199937
6840.000000,3302255442.055579
6900.000000,3302037331.873009
6960.000000,3301824074.016450
7020.000000,3301615527.318370
7080.000000,3301411555.833118
7140.000000,3301212028.603510
7200.000000,3301016819.439708
7260.000000,3300825806.709440
7320.000000,3300638873.139120
7380.000000,3300455905.625085
7440.000000,3300276795.054372
7500.000000,3300101436.134573
7560.000000,3299929727.232106
7620.000000,3299761570.218555
7680.000000,3299596870.324522
7740.000000,3299435536.000648
7800.000000,3299277478.785322
7860.000000,3299122613.178792
7920.000000,3298970856.523273
7980.000000,3298822128.888722
8040.000000,3298676352.963961
8100.000000,3298533453.953004
8160.000000,3298393359.476037
8220.000000,3298255999.475065
8280.000000,3298121306.123836
8340.000000,3297989213.741868
8400.000000,3297859658.712352
8460.000000,3297732579.403715
8520.000000,3297607916.094721
8580.000000,3297485610.902826
8640.000000,3297365607.715734
8700.000000,3297247852.125867
8760.000000,3297132291.367772
8820.000000,3297018874.258134
8880.000000,3296907551.138403
8940.000000,3296798273.819833
9000.000000,3296690995.530887
9060.000000,3296585670.866766
9120.000000,3296482255.741132
9180.000000,3296380707.339791
9240.000000,3296280984.076254
9300.000000,3296183045.549169
9360.000000,3296086852.501450
9420.000000,3295992366.781065
9480.000000,3295899551.303410
9540.000000,3295808370.015181
9600.000000,3295718787.859631
9660.000000,3295630770.743300
9720.000000,3295544285.503962
9780.000000,3295459299.879835
9840.000000,3295375782.480014
9900.000000,3295293702.756043
9960.000000,3295213030.974505
10020.000000,3295133738.190787
10080.000000,3295055796.223689
10140.000000,3294979177.631103
10200.000000,3294903855.686539
10260.000000,3294829804.356556
10320.000000,3294756998.279018
10380.000000,3294685412.742129
10440.000000,3294615023.664289
10500.000000,3294545807.574616
10560.000000,3294477741.594232
10620.000000,3294410803.418168
10680.000000,3294344971.297976
10740.000000,3294280224.024901
10800.000000,3294216540.913714
10860.000000,3294153901.787017
10920.000000,3294092286.960226
10980.000000,3294031677.226973
11040.000000,3293972053.845029
11100.000000,3293913398.522799
11160.000000,3293855693.406143
11220.000000,3293798921.065763
11280.000000,3293743064.484974
11340.000000,3293688107.047863
11400.000000,3293634032.527877
11460.000000,3293580825.076814
11520.000000,3293528469.214113
11580.000000,3293476949.816563
11640.000000,3293426252.108322
11700.000000,3293376361.651261
11760.000000,3293327264.335625
11820.000000,3293278946.371018
11880.000000,3293231394.277633
11940.000000,3293184594.877835
12000.000000,3293138535.287916
12060.000000,3293093202.910217
12120.000000,3293048585.425411
12180.000000,3293004670.785091
12240.000000,3292961447.204568
12300.000000,3292918903.155862
12360.000000,3292877027.360983
12420.000000,3292835808.785337
12480.000000,3292795236.631417
12540.000000,3292755300.332618
12600.000000,3292715989.547261
12660.000000,3292677294.152837
12720.000000,3292639204.240377
12780.000000,3292601710.108996
12840.000000,3292564802.260638
12900.000000,3292528471.394933
12960.000000,3292492708.404233
13020.000000,3292457504.368784
13080.000000,3292422850.552041
13140.000000,3292388738.396138
13200.000000,3292355159.517448
13260.000000,3292322105.702321
13320.000000,3292289568.902909
13380.000000,3292257541.233132
13440.000000,3292226014.964744
13500.000000,3292194982.523525
13560.000000,3292164436.485570
13620.000000,3292134369.573700
13680.000000,3292104774.653943
13740.000000,3292075644.732139
13800.000000,3292046972.950649
13860.000000,3292018752.585116
13920.000000,3291990977.041356
13980.000000,3291963639.852299
14040.000000,3291936734.675067
14100.000000,3291910255.288053
14160.000000,3291884195.588166
14220.000000,3291858549.588078
14280.000000,3291833311.413591
14340.000000,3291808475.301059
14400.000000,3291784035.594880
14460.000000,3291759986.745046
14520.000000,3291736323.304775
14580.000000,3291713039.928205
14640.000000,3291690131.368117
14700.000000,3291667592.473764
14760.000000,3291645418.188733
14820.000000,3291623603.548850
14880.000000,3291602143.680165
14940.000000,3291581033.796979
15000.000000,3291560269.199914
15060.000000,3291539845.274032
15120.000000,3291519757.487037
15180.000000,3291500001.387458
15240.000000,3291480572.602943
15300.000000,3291461466.838558
15360.000000,3291442679.875126
15420.000000,3291424207.567643
15480.000000,3291406045.843691
15540.000000,3291388190.701926
15600.000000,3291370638.210570
15660.000000,3291353384.505969
15720.000000,3291336425.791184
15780.000000,3291319758.334581
15840.000000,3291303378.468502
15900.000000,3291287282.587952
15960.000000,3291271467.149293
16020.000000,3291255928.669006
16080.000000,3291240663.722473
16140.000000,3291225668.942766
16200.000000,3291210941.019486
16260.000000,3291196476.697632
16320.000000,3291182272.776491
16380.000000,3291168326.108533
16440.000000,3291154633.598384
16500.000000,3291141192.201759
16560.000000,3291127998.924474
16620.000000,3291115050.821446
16680.000000,3291102344.995743
16740.000000,3291089878.597625
16800.000000,3291077648.823632
16860.000000,3291065652.915691
16920.000000,3291053888.160226
16980.000000,3291042351.887313
17040.000000,3291031041.469827
17100.000000,3291019954.322632
17160.000000,3291009087.901780
17220.000000,3290998439.703712
17280.000000,3290988007.264519
17340.000000,3290977788.159167
17400.000000,3290967780.000780
17460.000000,3290957980.439928
17520.000000,3290948387.163914
17580.000000,3290938997.896086
17640.000000,3290929810.395192
17700.000000,3290920822.454702
17760.000000,3290912031.902173
17820.000000,3290903436.598629
17880.000000,3290895034.437942
17940.000000,3290886823.346226
18000.000000,3290878801.281272
18060.000000,3290870966.231945
18120.000000,3290863316.217644
18180.000000,3290855849.287744
18240.000000,3290848563.521050
18300.000000,3290841457.025283
18360.000000,3290834527.936565
18420.000000,3290827774.418894
18480.000000,3290821194.663667
18540.000000,3290814786.889204
18600.000000,3290808549.340246
18660.000000,3290802480.287519
18720.000000,3290796578.027262
18780.000000,3290790840.880788
18840.000000,3290785267.194051
18900.000000,3290779855.337204
18960.000000,3290774603.704206
19020.000000,3290769510.712396
19080.000000,3290764574.802088
19140.000000,3290759794.436183
19200.000000,3290755168.099800
19260.000000,3290750694.299863
19320.000000,3290746371.564766
19380.000000,3290742198.443986
19440.000000,3290738173.507737
19500.000000,3290734295.346633
19560.000000,3290730562.571326
19620.000000,3290726973.812183
19680.000000,3290723527.718959
19740.000000,3290720222.960469
19800.000000,3290717058.224277
19860.000000,3290714032.216390
19920.000000,3290711143.660946
19980.000000,3290708391.299933
20040.000000,3290705773.892872
20100.000000,3290703290.216560
20160.000000,3290700939.064768
20220.000000,3290698719.247978
20280.000000,3290696629.593105
20340.000000,3290694668.943245
20400.000000,3290692836.157401
20460.000000,3290691130.110241
20520.000000,3290689549.691841
20580.000000,3290688093.807440
20640.000000,3290686761.377202
20700.000000,3290685551.335981
20760.000000,3290684462.633094
20820.000000,3290683494.232085
20880.000000,3290682645.110501
20940.000000,3290681914.259683
21000.000000,3290681300.684549
21060.000000,3290680803.403379
21120.000000,3290680421.447598
21180.000000,3290680153.861611
21240.000000,3290679999.702560
21300.000000,3290679958.040147
21360.000000,3290680027.956450
21420.000000,3290680208.545716
21480.000000,3290680498.914192
21540.000000,3290680898.179941
21600.000000,3290681405.472649
21660.000000,3290682019.933466
21720.000000,3290682740.714837
21780.000000,3290683566.980304
21840.000000,3290684497.904379
21900.000000,3290685532.672352
21960.000000,3290686670.480143
22020.000000,3290687910.534148
22080.000000,3290689252.051067
22140.000000,3290690694.257778
22200.000000,3290692236.391161
22260.000000,3290693877.697974
22320.000000,3290695617.434694
22380.000000,3290697454.867382
22440.000000,3290699389.271544
22500.000000,3290701419.931995
22560.000000,3290703546.142714
22620.000000,3290705767.206735
22680.000000,3290708082.435988
22740.000000,3290710491.151200
22800.000000,3290712992.681747
22860.000000,3290715586.365548
22920.000000,3290718271.548926
22980.000000,3290721047.586518
23040.000000,3290723913.841119
23100.000000,3290726869.683596
23160.000000,3290729914.492770
23220.000000,3290733047.655295
23280.000000,3290736268.565558
23340.000000,3290739576.625572
23400.000000,3290742971.244857
23460.000000,3290746451.840357
23520.000000,3290750017.836324
23580.000000,3290753668.664215
23640.000000,3290757403.762604
23700.000000,3290761222.577076
23760.000000,3290765124.560141
23820.000000,3290769109.171123
23880.000000,3290773175.876093
23940.000000,3290777324.147750
24000.000000,3290781553.465354
24060.000000,3290785863.314624
24120.000000,3290790253.187654
24180.000000,3290794722.582847
24240.000000,3290799271.004787
24300.000000,3290803897.964210
24360.000000,3290808602.977879
24420.000000,3290813385.568530
24480.000000,3290818245.264787
24540.000000,3290823181.601081
24600.000000,3290828194.117574
24660.000000,3290833282.360086
24720.000000,3290838445.880032
24780.000000,3290843684.234320
24840.000000,3290848996.985320
24900.000000,3290854383.700756
24960.000000,3290859843.953665
25020.000000,3290865377.322312
25080.000000,3290870983.390125
25140.000000,3290876661.745639
25200.000000,3290882411.982430
25260.000000,3290888233.699029
25320.000000,3290894126.498891
25380.000000,3290900089.990310
25440.000000,3290906123.786367
25500.000000,3290912227.504879
25560.000000,3290918400.768310
25620.000000,3290924643.203757
25680.000000,3290930954.442847
25740.000000,3290937334.121716
25800.000000,3290943781.880934
25860.000000,3290950297.365458
25920.000000,3290956880.224569
25980.000000,3290963530.111840
26040.000000,3290970246.685055
26100.000000,3290977029.606181
26160.000000,3290983878.541309
26220.000000,3290990793.160595
26280.000000,3290997773.138228
26340.000000,3291004818.152371
26400.000000,3291011927.885119
26460.000000,3291019102.022433
26520.000000,3291026340.254128
26580.000000,3291033642.273796
26640.000000,3291041007.778782
26700.000000,3291048436.470118
26760.000000,3291055928.052512
26820.000000,3291063482.234268
26880.000000,3291071098.727270
26940.000000,3291078777.246931
27000.000000,3291086517.512150
27060.000000,3291094319.245275
27120.000000,3291102182.172061
27180.000000,3291110106.021633
27240.000000,3291118090.526445
27300.000000,3291126135.422248
27360.000000,3291134240.448036
27420.000000,3291142405.346034
27480.000000,3291150629.861634
27540.000000,3291158913.743382
27600.000000,3291167256.742929
27660.000000,3291175658.614996
27720.000000,3291184119.117353
27780.000000,3291192638.010772
27840.000000,3291201215.058994
27900.000000,3291209850.028696
27960.000000,3291218542.689471
28020.000000,3291227292.813777
28080.000000,3291236100.176924
28140.000000,3291244964.557026
28200.000000,3291253885.734978
28260.000000,3291262863.494425
28320.000000,3291271897.621744
28380.000000,3291280987.905982
28440.000000,3291290134.138869
28500.000000,3291299336.114753
28560.000000,3291308593.630599
28620.000000,3291317906.485937
28680.000000,3291327274.482856
28740.000000,3291336697.425966
28800.000000,3291346175.122372
28860.000000,3291355707.381647
28920.000000,3291365294.015810
28980.000000,3291374934.839296
29040.000000,3291384629.668937
29100.000000,3291394378.323933
29160.000000,3291404180.625822
29220.000000,3291414036.398460
29280.000000,3291423945.468012
29340.000000,3291433907.662900
29400.000000,3291443922.813799
29460.000000,3291453990.753614
29520.000000,3291464111.317447
29580.000000,3291474284.342583
29640.000000,3291484509.668472
29700.000000,3291494787.136696
29760.000000,3291505116.590951
29820.000000,3291515497.877026
29880.000000,3291525930.842793
29940.000000,3291536415.338167
30000.000000,3291546951.215103
30060.000000,3291557538.327570
30120.000000,3291568176.531525
30180.000000,3291578865.684901
30240.000000,3291589605.647586
30300.000000,3291600396.281412
30360.000000,3291611237.450113
30420.000000,3291622129.019335
30480.000000,3291633070.856598
30540.000000,3291644062.831287
30600.000000,3291655104.814634
30660.000000,3291666196.679693
30720.000000,3291677338.301335
30780.000000,3291688529.556221
30840.000000,3291699770.322794
30900.000000,3291711060.481247
30960.000000,3291722399.913528
31020.000000,3291733788.503305
31080.000000,3291745226.135959
31140.000000,3291756712.698582
31200.000000,3291768248.079921
31260.000000,3291779832.170410
31320.000000,3291791464.862126
31380.000000,3291803146.048777
31440.000000,3291814875.625707
31500.000000,3291826653.489848
31560.000000,3291838479.539743
31620.000000,3291850353.675496
31680.000000,3291862275.798784
31740.000000,3291874245.812841
31800.000000,3291886263.622427
31860.000000,3291898329.133833
31920.000000,3291910442.254860
31980.000000,3291922602.894803
32040.000000,3291934810.964449
32100.000000,3291947066.376051
32160.000000,3291959369.043320
32220.000000,3291971718.881426
32280.000000,3291984115.806965
32340.000000,3291996559.737955
32400.000000,3292009050.593831
32460.000000,3292021588.295431
32520.000000,3292034172.764969
32580.000000,3292046803.926052
32640.000000,3292059481.703637
32700.000000,3292072206.024045
32760.000000,3292084976.814938
32820.000000,3292097794.005314
32880.000000,3292110657.525488
32940.000000,3292123567.307093
33000.000000,3292136523.283061
33060.000000,3292149525.387610
33120.000000,3292162573.556249
33180.000000,3292175667.725747
33240.000000,3292188807.834144
33300.000000,3292201993.820724
33360.000000,3292215225.626020
33420.000000,3292228503.191791
33480.000000,3292241826.461029
33540.000000,3292255195.377923
33600.000000,3292268609.887882
33660.000000,3292282069.937510
33720.000000,3292295575.474586
33780.000000,3292309126.448082
33840.000000,3292322722.808131
33900.000000,3292336364.506032
33960.000000,3292350051.494229
34020.000000,3292363783.726318
34080.000000,3292377561.157031
34140.000000,3292391383.742226
34200.000000,3292405251.438884
34260.000000,3292419164.205092
34320.000000,3292433122.000049
34380.000000,3292447124.784049
34440.000000,3292461172.518475
34500.000000,3292475265.165791
34560.000000,3292489402.689536
34620.000000,3292503585.054319
34680.000000,3292517812.225808
34740.000000,3292532084.170725
34800.000000,3292546400.856839
34860.000000,3292560762.252954
34920.000000,3292575168.328914
34980.000000,3292589619.055578
35040.000000,3292604114.404840
35100.000000,3292618654.349595
35160.000000,3292633238.863747
35220.000000,3292647867.922208
35280.000000,3292662541.500868
35340.000000,3292677259.576622
35400.000000,3292692022.127332
35460.000000,3292706829.131852
35520.000000,3292721680.569990
35580.000000,3292736576.422525
35640.000000,3292751516.671204
35700.000000,3292766501.298708
35760.000000,3292781530.288672
35820.000000,3292796603.625680
35880.000000,3292811721.295247
35940.000000,3292826883.283816
36000.000000,3292842089.578756
36060.000000,3292857340.168364
36120.000000,3292872635.041836
36180.000000,3292887974.189303
36240.000000,3292903357.601776
36300.000000,3292918785.271176
36360.000000,3292934257.190327
36420.000000,3292949773.352928
36480.000000,3292965333.753578
36540.000000,3292980938.387751
36600.000000,3292996587.251794
36660.000000,3293012280.342933
36720.000000,3293028017.659257
36780.000000,3293043799.199716
36840.000000,3293059624.964130
36900.000000,3293075494.953163
36960.000000,3293091409.168328
37020.000000,3293107367.611992
37080.000000,3293123370.287361
37140.000000,3293139417.198481
37200.000000,3293155508.350227
37260.000000,3293171643.748309
37320.000000,3293187823.399263
37380.000000,3293204047.310444
37440.000000,3293220315.490029
37500.000000,3293236627.947014
37560.000000,3293252984.691201
37620.000000,3293269385.733202
37680.000000,3293285831.084434
37740.000000,3293302320.757114
37800.000000,3293318854.764259
37860.000000,3293335433.119681
37920.000000,3293352055.837983
37980.000000,3293368722.934547
38040.000000,3293385434.425556
38100.000000,3293402190.327962
38160.000000,3293418990.659505
38220.000000,3293435835.438692
38280.000000,3293452724.684806
38340.000000,3293469658.417902
38400.000000,3293486636.658802
38460.000000,3293503659.429087
38520.000000,3293520726.751104
38580.000000,3293537838.647959
38640.000000,3293554995.143511
38700.000000,3293572196.262371
38760.000000,3293589442.029903
38820.000000,3293606732.472228
38880.000000,3293624067.616196
38940.000000,3293641447.489412
39000.000000,3293658872.120212
39060.000000,3293676341.537684
39120.000000,3293693855.771639
39180.000000,3293711414.852630
39240.000000,3293729018.811941
39300.000000,3293746667.681582
39360.000000,3293764361.494290
39420.000000,3293782100.283533
39480.000000,3293799884.083494
39540.000000,3293817712.929085
39600.000000,3293835586.855934
39660.000000,3293853505.900382
39720.000000,3293871470.099492
39780.000000,3293889479.491038
39840.000000,3293907534.113506
39900.000000,3293925634.006095
39960.000000,3293943779.208700
40020.000000,3293961969.761933
40080.000000,3293980205.707118
40140.000000,3293998487.086264
40200.000000,3294016813.942096
40260.000000,3294035186.318030
40320.000000,3294053604.258187
40380.000000,3294072067.807380
40440.000000,3294090577.011124
40500.000000,3294109131.915623
40560.000000,3294127732.567775
40620.000000,3294146379.015170
40680.000000,3294165071.306092
40740.000000,3294183809.489505
40800.000000,3294202593.615073
40860.000000,3294221423.733138
40920.000000,3294240299.894724
40980.000000,3294259222.151555
41040.000000,3294278190.556024
41100.000000,3294297205.161208
41160.000000,3294316266.020874
41220.000000,3294335373.189457
41280.000000,3294354526.722084
41340.000000,3294373726.674554
41400.000000,3294392973.103344
41460.000000,3294412266.065604
41520.000000,3294431605.619166
41580.000000,3294450991.822539
41640.000000,3294470424.734892
41700.000000,3294489904.416095
41760.000000,3294509430.926660
41820.000000,3294529004.327795
41880.000000,3294548624.681361
41940.000000,3294568292.049911
42000.000000,3294588006.496648
42060.000000,3294607768.085461
42120.000000,3294627576.880899
42180.000000,3294647432.948184
42240.000000,3294667336.353210
42300.000000,3294687287.162530
42360.000000,3294707285.443373
42420.000000,3294727331.263637
42480.000000,3294747424.691876
42540.000000,3294767565.797324
42600.000000,3294787754.649875
42660.000000,3294807991.320091
42720.000000,3294828275.879200
42780.000000,3294848608.399097
42840.000000,3294868988.952345
42900.000000,3294889417.612168
42960.000000,3294909894.452459
43020.000000,3294930419.547776
43080.000000,3294950992.973343
43140.000000,3294971614.805052
43200.000000,3294992285.119457
43260.000000,3295013003.993784
43320.000000,3295033771.505919
43380.000000,3295054587.734412
43440.000000,3295075452.758488
43500.000000,3295096366.658037
43560.000000,3295117329.513605
43620.000000,3295138341.406416
43680.000000,3295159402.418358
43740.000000,3295180512.631988
43800.000000,3295201672.130525
43860.000000,3295222880.997864
43920.000000,3295244139.318566
43980.000000,3295265447.177851
44040.000000,3295286804.661626
44100.000000,3295308211.856453
44160.000000,3295329668.849573
44220.000000,3295351175.728896
44280.000000,3295372732.582997
44340.000000,3295394339.501130
44400.000000,3295415996.573221
44460.000000,3295437703.889864
44520.000000,3295459461.542331
44580.000000,3295481269.622568
44640.000000,3295503128.223195
44700.000000,3295525037.437507
44760.000000,3295546997.359474
44820.000000,3295569008.083746
44880.000000,3295591069.705654
44940.000000,3295613182.321202
45000.000000,3295635346.027073
45060.000000,3295657560.920643
45120.000000,3295679827.099948
45180.000000,3295702144.663725
45240.000000,3295724513.711387
45300.000000,3295746934.343030
45360.000000,3295769406.659437
45420.000000,3295791930.762078
45480.000000,3295814506.753113
45540.000000,3295837134.735382
45600.000000,3295859814.812425
45660.000000,3295882547.088458
45720.000000,3295905331.668407
45780.000000,3295928168.657876
45840.000000,3295951058.163177
45900.000000,3295974000.291303
45960.000000,3295996995.149952
46020.000000,3296020042.847520
46080.000000,3296043143.493098
46140.000000,3296066297.196481
46200.000000,3296089504.068168
46260.000000,3296112764.219358
46320.000000,3296136077.761951
46380.000000,3296159444.808559
46440.000000,3296182865.472503
46500.000000,3296206339.867804
46560.000000,3296229868.109206
46620.000000,3296253450.312159
46680.000000,3296277086.592817
46740.000000,3296300777.068070
46800.000000,3296324521.855507
46860.000000,3296348321.073452
46920.000000,3296372174.840922
46980.000000,3296396083.277690
47040.000000,3296420046.504226
47100.000000,3296444064.641746
47160.000000,3296468137.812172
47220.000000,3296492266.138170
47280.000000,3296516449.743135
47340.000000,3296540688.751188
47400.000000,3296564983.287192
47460.000000,3296589333.476737
47520.000000,3296613739.446160
47580.000000,3296638201.322536
47640.000000,3296662719.233679
47700.000000,3296687293.308152
47760.000000,3296711923.675263
47820.000000,3296736610.465061
47880.000000,3296761353.808361
47940.000000,3296786153.836712
48000.000000,3296811010.682431
48060.000000,3296835924.478585
48120.000000,3296860895.359006
48180.000000,3296885923.458278
48240.000000,3296911008.911757
48300.000000,3296936151.855559
48360.000000,3296961352.426572
48420.000000,3296986610.762453
48480.000000,3297011927.001632
48540.000000,3297037301.283310
48600.000000,3297062733.747469
48660.000000,3297088224.534871
48720.000000,3297113773.787060
48780.000000,3297139381.646362
48840.000000,3297165048.255891
48900.000000,3297190773.759557
48960.000000,3297216558.302054
49020.000000,3297242402.028872
49080.000000,3297268305.086306
49140.000000,3297294267.621443
49200.000000,3297320289.782177
49260.000000,3297346371.717203
49320.000000,3297372513.576029
49380.000000,3297398715.508973
49440.000000,3297424977.667168
49500.000000,3297451300.202562
49560.000000,3297477683.267915
49620.000000,3297504127.016825
49680.000000,3297530631.603702
49740.000000,3297557197.183793
49800.000000,3297583823.913166
49860.000000,3297610511.948736
49920.000000,3297637261.448242
49980.000000,3297664072.570271
50040.000000,3297690945.474254
50100.000000,3297717880.320459
50160.000000,3297744877.270015
50220.000000,3297771936.484900
50280.000000,3297799058.127941
50340.000000,3297826242.362835
50400.000000,3297853489.354134
50460.000000,3297880799.267256
50520.000000,3297908172.268488
50580.000000,3297935608.524990
50640.000000,3297963108.204804
50700.000000,3297990671.476832
50760.000000,3298018298.510881
50820.000000,3298045989.477624
50880.000000,3298073744.548646
50940.000000,3298101563.896404
51000.000000,3298129447.694257
51060.000000,3298157396.116469
51120.000000,3298185409.338202
51180.000000,3298213487.535533
51240.000000,3298241630.885437
51300.000000,3298269839.565822
51360.000000,3298298113.755495
51420.000000,3298326453.634194
51480.000000,3298354859.382587
51540.000000,3298383331.182264
51600.000000,3298411869.215754
51660.000000,3298440473.666523
51720.000000,3298469144.718973
51780.000000,3298497882.558458
51840.000000,3298526687.371282
51900.000000,3298555559.344697
51960.000000,3298584498.666915
52020.000000,3298613505.527113
52080.000000,3298642580.115429
52140.000000,3298671722.622976
52200.000000,3298700933.241837
52260.000000,3298730212.165071
52320.000000,3298759559.586732
52380.000000,3298788975.701842
52440.000000,3298818460.706438
52500.000000,3298848014.797534
52560.000000,3298877638.173152
52620.000000,3298907331.032315
52680.000000,3298937093.575061
52740.000000,3298966926.002437
52800.000000,3298996828.516511
52860.000000,3299026801.320376
52920.000000,3299056844.618142
52980.000000,3299086958.614966
53040.000000,3299117143.517033
53100.000000,3299147399.531573
53160.000000,3299177726.866859
53220.000000,3299208125.732221
53280.000000,3299238596.338042
53340.000000,3299269138.895767
53400.000000,3299299753.617908
53460.000000,3299330440.718044
53520.000000,3299361200.410836
53580.000000,3299392032.912025
53640.000000,3299422938.438432
53700.000000,3299453917.207980
53760.000000,3299484969.439683
53820.000000,3299516095.353656
53880.000000,3299547295.171126
53940.000000,3299578569.114427
54000.000000,3299609917.407011
54060.000000,3299641340.273465
54120.000000,3299672837.939488
54180.000000,3299704410.631922
54240.000000,3299736058.578753
54300.000000,3299767782.009103
54360.000000,3299799581.153250
54420.000000,3299831456.242631
54480.000000,3299863407.509841
54540.000000,3299895435.188643
54600.000000,3299927539.513977
54660.000000,3299959720.721959
54720.000000,3299991979.049900
54780.000000,3300024314.736289
54840.000000,3300056728.020824
54900.000000,3300089219.144402
54960.000000,3300121788.349127
55020.000000,3300154435.878320
55080.000000,3300187161.976530
55140.000000,3300219966.889526
55200.000000,3300252850.864317
55260.000000,3300285814.149149
55320.000000,3300318856.993517
55380.000000,3300351979.648171
55440.000000,3300385182.365114
55500.000000,3300418465.397625
55560.000000,3300451829.000253
55620.000000,3300485273.428823
55680.000000,3300518798.940444
55740.000000,3300552405.793527
55800.000000,3300586094.247775
55860.000000,3300619864.564200
55920.000000,3300653717.005132
55980.000000,3300687651.834211
56040.000000,3300721669.316412
56100.000000,3300755769.718045
56160.000000,3300789953.306756
56220.000000,3300824220.351542
56280.000000,3300858571.122752
56340.000000,3300893005.892105
56400.000000,3300927524.932687
56460.000000,3300962128.518958
56520.000000,3300996816.926767
56580.000000,3301031590.433356
56640.000000,3301066449.317359
56700.000000,3301101393.858825
56760.000000,3301136424.339218
56820.000000,3301171541.041421
56880.000000,3301206744.249753
56940.000000,3301242034.249961
57000.000000,3301277411.329249
57060.000000,3301312875.776267
57120.000000,3301348427.881131
57180.000000,3301384067.935428
57240.000000,3301419796.232220
57300.000000,3301455613.066058
57360.000000,3301491518.732986
57420.000000,3301527513.530551
57480.000000,3301563597.757809
57540.000000,3301599771.715342
57600.000000,3301636035.705253
57660.000000,3301672390.031187
57720.000000,3301708834.998330
57780.000000,3301745370.913426
57840.000000,3301781998.084775
57900.000000,3301818716.822257
57960.000000,3301855527.437326
58020.000000,3301892430.243029
58080.000000,3301929425.554007
58140.000000,3301966513.686518
58200.000000,3302003694.958421
58260.000000,3302040969.689215
58320.000000,3302078338.200028
58380.000000,3302115800.813633
58440.000000,3302153357.854454
58500.000000,3302191009.648586
58560.000000,3302228756.523792
58620.000000,3302266598.809511
58680.000000,3302304536.836893
58740.000000,3302342570.938765
58800.000000,3302380701.449691
58860.000000,3302418928.705937
58920.000000,3302457253.045518
58980.000000,3302495674.808177
59040.000000,3302534194.335415
59100.000000,3302572811.970501
59160.000000,3302611528.058463
59220.000000,3302650342.946130
59280.000000,3302689256.982109
59340.000000,3302728270.516824
59400.000000,3302767383.902501
59460.000000,3302806597.493210
59520.000000,3302845911.644837
59580.000000,3302885326.715135
59640.000000,3302924843.063702
59700.000000,3302964461.052009
59760.000000,3303004181.043411
59820.000000,3303044003.403152
59880.000000,3303083928.498385
59940.000000,3303123956.698172
60000.000000,3303164088.373503
60060.000000,3303204323.897305
60120.000000,3303244663.644462
60180.000000,3303285107.991813
60240.000000,3303325657.318168
60300.000000,3303366312.004329
60360.000000,3303407072.433094
60420.000000,3303447938.989269
60480.000000,3303488912.059684
60540.000000,3303529992.033198
60600.000000,3303571179.300729
60660.000000,3303612474.255241
60720.000000,3303653877.291777
60780.000000,3303695388.807464
60840.000000,3303737009.201527
60900.000000,3303778738.875303
60960.000000,3303820578.232248
61020.000000,3303862527.677960
61080.000000,3303904587.620184
61140.000000,3303946758.468831
61200.000000,3303989040.635985
61260.000000,3304031434.535928
61320.000000,3304073940.585141
61380.000000,3304116559.202321
61440.000000,3304159290.808404
61500.000000,3304202135.826566
61560.000000,3304245094.682247
61620.000000,3304288167.803156
61680.000000,3304331355.619300
61740.000000,3304374658.562983
61800.000000,3304418077.068825
61860.000000,3304461611.573789
61920.000000,3304505262.517170
61980.000000,3304549030.340635
62040.000000,3304592915.488232
62100.000000,3304636918.406395
62160.000000,3304681039.543968
62220.000000,3304725279.352216
62280.000000,3304769638.284846
62340.000000,3304814116.798019
62400.000000,3304858715.350368
62460.000000,3304903434.403011
62520.000000,3304948274.419568
62580.000000,3304993235.866173
62640.000000,3305038319.211509
62700.000000,3305083524.926792
62760.000000,3305128853.485823
62820.000000,3305174305.364977
62880.000000,3305219881.043230
62940.000000,3305265581.002188
63000.000000,3305311405.726080
63060.000000,3305357355.701798
63120.000000,3305403431.418894
63180.000000,3305449633.369618
63240.000000,3305495962.048922
63300.000000,3305542417.954482
63360.000000,3305589001.586710
63420.000000,3305635713.448784
63480.000000,3305682554.046664
63540.000000,3305729523.889098
63600.000000,3305776623.487650
63660.000000,3305823853.356725
63720.000000,3305871214.013571
63780.000000,3305918705.978318
63840.000000,3305966329.773979
63900.000000,3306014085.926481
63960.000000,3306061974.964683
64020.000000,3306109997.420384
64080.000000,3306158153.828367
64140.000000,3306206444.726394
64200.000000,3306254870.655242
64260.000000,3306303432.158714
64320.000000,3306352129.783668
64380.000000,3306400964.080030
64440.000000,3306449935.600821
64500.000000,3306499044.902175
64560.000000,3306548292.543356
64620.000000,3306597679.086790
64680.000000,3306647205.098081
64740.000000,3306696871.146028
64800.000000,3306746677.802653
64860.000000,3306796625.643220
64920.000000,3306846715.246267
64980.000000,3306896947.193611
65040.000000,3306947322.070377
65100.000000,3306997840.465041
65160.000000,3307048502.969420
65220.000000,3307099310.178716
65280.000000,3307150262.691539
65340.000000,3307201361.109921
65400.000000,3307252606.039351
65460.000000,3307303998.088790
65520.000000,3307355537.870699
65580.000000,3307407226.001067
65640.000000,3307459063.099424
65700.000000,3307511049.788886
65760.000000,3307563186.696161
65820.000000,3307615474.451583
65880.000000,3307667913.689137
65940.000000,3307720505.046478
66000.000000,3307773249.164978
66060.000000,3307826146.689724
66120.000000,3307879198.269559
66180.000000,3307932404.557118
66240.000000,3307985766.208834
66300.000000,3308039283.884982
66360.000000,3308092958.249697
66420.000000,3308146789.971006
66480.000000,3308200779.720857
66540.000000,3308254928.175142
66600.000000,3308309236.013733
66660.000000,3308363703.920497
66720.000000,3308418332.583342
66780.000000,3308473122.694241
66840.000000,3308528074.949251
66900.000000,3308583190.048554
66960.000000,3308638468.696485
67020.000000,3308693911.601552
67080.000000,3308749519.476491
67140.000000,3308805293.038265
67200.000000,3308861233.008119
67260.000000,3308917340.111603
67320.000000,3308973615.078600
67380.000000,3309030058.643364
67440.000000,3309086671.544550
67500.000000,3309143454.525248
67560.000000,3309200408.333006
67620.000000,3309257533.719883
67680.000000,3309314831.442458
67740.000000,3309372302.261885
67800.000000,3309429946.943917
67860.000000,3309487766.258934
67920.000000,3309545760.981987
67980.000000,3309603931.892839
68040.000000,3309662279.775985
68100.000000,3309720805.420689
68160.000000,3309779509.621036
68220.000000,3309838393.175947
68280.000000,3309897456.889233
68340.000000,3309956701.569619
68400.000000,3310016128.030793
68460.000000,3310075737.091427
68520.000000,3310135529.575235
68580.000000,3310195506.310998
68640.000000,3310255668.132603
68700.000000,3310316015.879083
68760.000000,3310376550.394661
68820.000000,3310437272.528790
68880.000000,3310498183.136183
68940.000000,3310559283.076860
69000.000000,3310620573.216191
69060.000000,3310682054.424933
69120.000000,3310743727.579273
69180.000000,3310805593.560869
69240.000000,3310867653.256899
69300.000000,3310929907.560089
69360.000000,3310992357.368770
69420.000000,3311055003.586914
69480.000000,3311117847.124181
69540.000000,3311180888.895964
69600.000000,3311244129.823428
69660.000000,3311307570.833561
69720.000000,3311371212.859225
69780.000000,3311435056.839181
69840.000000,3311499103.718159
69900.000000,3311563354.446893
69960.000000,3311627809.982169
70020.000000,3311692471.286876
70080.000000,3311757339.330052
70140.000000,3311822415.086930
70200.000000,3311887699.538996
70260.000000,3311953193.674025
70320.000000,3312018898.486144
70380.000000,3312084814.975881
70440.000000,3312150944.150204
70500.000000,3312217287.022586
70560.000000,3312283844.613055
70620.000000,3312350617.948236
70680.000000,3312417608.061417
70740.000000,3312484815.992597
70800.000000,3312552242.788538
70860.000000,3312619889.502829
70920.000000,3312687757.195921
70980.000000,3312755846.935210
71040.000000,3312824159.795074
71100.000000,3312892696.856934
71160.000000,3312961459.209312
71220.000000,3313030447.947890
71280.000000,3313099664.175567
71340.000000,3313169109.002526
71400.000000,3313238783.546277
71460.000000,3313308688.931729
71520.000000,3313378826.291254
71580.000000,3313449196.764736
71640.000000,3313519801.499647
71700.000000,3313590641.651101
71760.000000,3313661718.381917
71820.000000,3313733032.862687
71880.000000,3313804586.271836
71940.000000,3313876379.795694
72000.000000,3313948414.628557
72060.000000,3314020691.972755
72120.000000,3314093213.038718
72180.000000,3314165979.045041
72240.000000,3314238991.218562
72300.000000,3314312250.794425
72360.000000,3314385759.016148
72420.000000,3314459517.135696
72480.000000,3314533526.413556
72540.000000,3314607788.118802
72600.000000,3314682303.529179
72660.000000,3314757073.931159
72720.000000,3314832100.620034
72780.000000,3314907384.899978
72840.000000,3314982928.084134
72900.000000,3315058731.494677
72960.000000,3315134796.462908
73020.000000,3315211124.329314
73080.000000,3315287716.443663
73140.000000,3315364574.165081
73200.000000,3315441698.862117
73260.000000,3315519091.912852
73320.000000,3315596754.704955
73380.000000,3315674688.635787
73440.000000,3315752895.112468
73500.000000,3315831375.551971
73560.000000,3315910131.381214
73620.000000,3315989164.037137
73680.000000,3316068474.966790
73740.000000,3316148065.627427
73800.000000,3316227937.486595
73860.000000,3316308092.022221
73920.000000,3316388530.722704
73980.000000,3316469255.087012
74040.000000,3316550266.624773
74100.000000,3316631566.856369
74160.000000,3316713157.313030
74220.000000,3316795039.536933
74280.000000,3316877215.081304
74340.000000,3316959685.510504
74400.000000,3317042452.400139
74460.000000,3317125517.337164
74520.000000,3317208881.919974
74580.000000,3317292547.758512
74640.000000,3317376516.474373
74700.000000,3317460789.700918
74760.000000,3317545369.083365
74820.000000,3317630256.278899
74880.000000,3317715452.956797
74940.000000,3317800960.798522
75000.000000,3317886781.497832
75060.000000,3317972916.760907
75120.000000,3318059368.306452
75180.000000,3318146137.865816
75240.000000,3318233227.183103
75300.000000,3318320638.015297
75360.000000,3318408372.132375
75420.000000,3318496431.317432
75480.000000,3318584817.366788
75540.000000,3318673532.090137
75600.000000,3318762577.310643
75660.000000,3318851954.865092
75720.000000,3318941666.603992
75780.000000,3319031714.391723
75840.000000,3319122100.106658
75900.000000,3319212825.641288
75960.000000,3319303892.902371
76020.000000,3319395303.811055
76080.000000,3319487060.303004
76140.000000,3319579164.328562
76200.000000,3319671617.852868
76260.000000,3319764422.856010
76320.000000,3319857581.333152
76380.000000,3319951095.294702
76440.000000,3320044966.766434
76500.000000,3320139197.789645
76560.000000,3320233790.421306
76620.000000,3320328746.734205
76680.000000,3320424068.817104
76740.000000,3320519758.774897
76800.000000,3320615818.728755
76860.000000,3320712250.816292
76920.000000,3320809057.191721
76980.000000,3320906240.026018
77040.000000,3321003801.507081
77100.000000,3321101743.839894
77160.000000,3321200069.246706
77220.000000,3321298779.967177
77280.000000,3321397878.258575
77340.000000,3321497366.395933
77400.000000,3321597246.672226
77460.000000,3321697521.398550
77520.000000,3321798192.904299
77580.000000,3321899263.537353
77640.000000,3322000735.664247
77700.000000,3322102611.670379
77760.000000,3322204893.960173
77820.000000,3322307584.957288
77880.000000,3322410687.104800
77940.000000,3322514202.865401
78000.000000,3322618134.721595
78060.000000,3322722485.175898
78120.000000,3322827256.751039
78180.000000,3322932451.990162
78240.000000,3323038073.457041
78300.000000,3323144123.736280
78360.000000,3323250605.433526
78420.000000,3323357521.175691
78480.000000,3323464873.611162
78540.000000,3323572665.410027
78600.000000,3323680899.264283
78660.000000,3323789577.888084
78720.000000,3323898704.017949
78780.000000,3324008280.413001
78840.000000,3324118309.855204
78900.000000,3324228795.149593
78960.000000,3324339739.124517
79020.000000,3324451144.631879
79080.000000,3324563014.547390
79140.000000,3324675351.770801
79200.000000,3324788159.226176
79260.000000,3324901439.862129
79320.000000,3325015196.652093
79380.000000,3325129432.594575
79440.000000,3325244150.713424
79500.000000,3325359354.058105
79560.000000,3325475045.703952
79620.000000,3325591228.752465
79680.000000,3325707906.331580
79740.000000,3325825081.595941
79800.000000,3325942757.727209
79860.000000,3326060937.934323
79920.000000,3326179625.453816
79980.000000,3326298823.550102
80040.000000,3326418535.515779
80100.000000,3326538764.671931
80160.000000,3326659514.368442
80220.000000,3326780787.984306
80280.000000,3326902588.927938
80340.000000,3327024920.637507
80400.000000,3327147786.581257
80460.000000,3327271190.257821
80520.000000,3327395135.196582
80580.000000,3327519624.957993
80640.000000,3327644663.133922
80700.000000,3327770253.348002
80760.000000,3327896399.255987
80820.000000,3328023104.546099
80880.000000,3328150372.939395
80940.000000,3328278208.190136
81000.000000,3328406614.086147
81060.000000,3328535594.449211
81120.000000,3328665153.135435
81180.000000,3328795294.035640
81240.000000,3328926021.075756
81300.000000,3329057338.217219
81360.000000,3329189249.457367
81420.000000,3329321758.829856
81480.000000,3329454870.405067
81540.000000,3329588588.290533
81600.000000,3329722916.631345
81660.000000,3329857859.610616
81720.000000,3329993421.449881
81780.000000,3330129606.409563
81840.000000,3330266418.789417
81900.000000,3330403862.928980
81960.000000,3330541943.208036
82020.000000,3330680664.047088
82080.000000,3330820029.907824
82140.000000,3330960045.293597
82200.000000,3331100714.749928
82260.000000,3331242042.864982
82320.000000,3331384034.270084
82380.000000,3331526693.640221
82440.000000,3331670025.694553
82500.000000,3331814035.196950
82560.000000,3331958726.956511
82620.000000,3332104105.828104
82680.000000,3332250176.712919
82740.000000,3332396944.559016
82800.000000,3332544414.361886
82860.000000,3332692591.165025
82920.000000,3332841480.060518
82980.000000,3332991086.189606
83040.000000,3333141414.743301
83100.000000,3333292470.962979
83160.000000,3333444260.141001
83220.000000,3333596787.621325
83280.000000,3333750058.800146
83340.000000,3333904079.126530
83400.000000,3334058854.103063
83460.000000,3334214389.286519
83520.000000,3334370690.288517
83580.000000,3334527762.776207
83640.000000,3334685612.472962
83700.000000,3334844245.159066
83760.000000,3335003666.672437
83820.000000,3335163882.909337
83880.000000,3335324899.825108
83940.000000,3335486723.434917
84000.000000,3335649359.814503
84060.000000,3335812815.100946
84120.000000,3335977095.493450
84180.000000,3336142207.254117
84240.000000,3336308156.708756
84300.000000,3336474950.247696
84360.000000,3336642594.326613
84420.000000,3336811095.467363
84480.000000,3336980460.258840
84540.000000,3337150695.357826
84600.000000,3337321807.489890
84660.000000,3337493803.450256
84720.000000,3337666690.104732
84780.000000,3337840474.390605
84840.000000,3338015163.317596
84900.000000,3338190763.968797
84960.000000,3338367283.501632
85020.000000,3338544729.148847
85080.000000,3338723108.219491
85140.000000,3338902428.099938
85200.000000,3339082696.254906
85260.000000,3339263920.228496
85320.000000,3339446107.645265
85380.000000,3339629266.211291
85440.000000,3339813403.715261
85500.000000,3339998528.029598
85560.000000,3340184647.111581
85620.000000,3340371769.004499
85680.000000,3340559901.838795
85740.000000,3340749053.833290
85800.000000,3340939233.296353
85860.000000,3341130448.627149
85920.000000,3341322708.316857
85980.000000,3341516020.949968
86040.000000,3341710395.205551
86100.000000,3341905839.858561
86160.000000,3342102363.781173
86220.000000,3342299975.944138
86280.000000,3342498685.418140
86340.000000,3342698501.375215
86400.000000,3342899433.090165
86460.000000,3343101489.941984
86520.000000,3343304681.415364
86580.000000,3343509017.102149
86640.000000,3343714506.702884
86700.000000,3343921160.028350
86760.000000,3344128987.001133
86820.000000,3344337997.657229
86880.000000,3344548202.147676
86940.000000,3344759610.740188
87000.000000,3344972233.820859
87060.000000,3345186081.895869
87120.000000,3345401165.593226
87180.000000,3345617495.664538
87240.000000,3345835082.986818
87300.000000,3346053938.564330
87360.000000,3346274073.530438
87420.000000,3346495499.149513
87480.000000,3346718226.818887
87540.000000,3346942268.070800
87600.000000,3347167634.574412
87660.000000,3347394338.137850
87720.000000,3347622390.710274
87780.000000,3347851804.383997
87840.000000,3348082591.396646
87900.000000,3348314764.133341
87960.000000,3348548335.128933
88020.000000,3348783317.070273
88080.000000,3349019722.798535
88140.000000,3349257565.311561
88200.000000,3349496857.766270
88260.000000,3349737613.481093
88320.000000,3349979845.938474
88380.000000,3350223568.787395
88440.000000,3350468795.845963
88500.000000,3350715541.104046
88560.000000,3350963818.725948
88620.000000,3351213643.053134
88680.000000,3351465028.607028
88740.000000,3351717990.091839
88800.000000,3351972542.397440
88860.000000,3352228700.602340
88920.000000,3352486479.976655
88980.000000,3352745895.985179
89040.000000,3353006964.290503
89100.000000,3353269700.756188
89160.000000,3353534121.450003
89220.000000,3353800242.647230
89280.000000,3354068080.834012
89340.000000,3354337652.710817
89400.000000,3354608975.195913
89460.000000,3354882065.428932
89520.000000,3355156940.774533
89580.000000,3355433618.826078
89640.000000,3355712117.409446
89700.000000,3355992454.586874
89760.000000,3356274648.660904
89820.000000,3356558718.178387
89880.000000,3356844681.934589
89940.000000,3357132558.977369
90000.000000,3357422368.611438
90060.000000,3357714130.402718
90120.000000,3358007864.182772
90180.000000,3358303590.053336
90240.000000,3358601328.390948
90300.000000,3358901099.851670
90360.000000,3359202925.375895
90420.000000,3359506826.193260
90480.000000,3359812823.827694
90540.000000,3360120940.102504
90600.000000,3360431197.145633
90660.000000,3360743617.394990
90720.000000,3361058223.603918
90780.000000,3361375038.846750
90840.000000,3361694086.524505
90900.000000,3362015390.370707
90960.000000,3362338974.457309
91020.000000,3362664863.200760
91080.000000,3362993081.368208
91140.000000,3363323654.083813
91200.000000,3363656606.835236
91260.000000,3363991965.480219
91320.000000,3364329756.253371
91380.000000,3364670005.773043
91440.000000,3365012741.048393
91500.000000,3365357989.486595
91560.000000,3365705778.900215
91620.000000,3366056137.514733
91680.000000,3366409093.976264
91740.000000,3366764677.359427
91800.000000,3367122917.175403
91860.000000,3367483843.380170
91920.000000,3367847486.382939
91980.000000,3368213877.054755
92040.000000,3368583046.737338
92100.000000,3368955027.252083
92160.000000,3369329850.909294
92220.000000,3369707550.517628
92280.000000,3370088159.393755
92340.000000,3370471711.372245
92400.000000,3370858240.815696
92460.000000,3371247782.625087
92520.000000,3371640372.250372
92580.000000,3372036045.701365
92640.000000,3372434839.558821
92700.000000,3372836790.985844
92760.000000,3373241937.739523
92820.000000,3373650318.182888
92880.000000,3374061971.297120
92940.000000,3374476936.694083
93000.000000,3374895254.629147
93060.000000,3375316966.014342
93120.000000,3375742112.431827
93180.000000,3376170736.147681
93240.000000,3376602880.126061
93300.000000,3377038588.043688
93360.000000,3377477904.304731
93420.000000,3377920874.056016
93480.000000,3378367543.202666
93540.000000,3378817958.424105
93600.000000,3379272167.190510
93660.000000,3379730217.779621
93720.000000,3380192159.294051
93780.000000,3380658041.678994
93840.000000,3381127915.740428
93900.000000,3381601833.163756
93960.000000,3382079846.532978
94020.000000,3382562009.350313
94080.000000,3383048376.056397
94140.000000,3383539002.050973
94200.000000,3384033943.714151
94260.000000,3384533258.428237
94320.000000,3385037004.600135
94380.000000,3385545241.684383
94440.000000,3386058030.206781
94500.000000,3386575431.788679
94560.000000,3387097509.171929
94620.000000,3387624326.244525
94680.000000,3388155948.066935
94740.000000,3388692440.899203
94800.000000,3389233872.228751
94860.000000,3389780310.799021
94920.000000,3390331826.638862
94980.000000,3390888491.092796
95040.000000,3391450376.852129
95100.000000,3392017557.986936
95160.000000,3392590109.978986
95220.000000,3393168109.755597
95280.000000,3393751635.724495
95340.000000,3394340767.809658
95400.000000,3394935587.488242
95460.000000,3395536177.828560
95520.000000,3396142623.529209
95580.000000,3396755010.959343
95640.000000,3397373428.200158
95700.000000,3397997965.087627
95760.000000,3398628713.256490
95820.000000,3399265766.185625
95880.000000,3399909219.244763
95940.000000,3400559169.742656
96000.000000,3401215716.976713
96060.000000,3401878962.284182
96120.000000,3402549009.094911
96180.000000,3403225962.985785
96240.000000,3403909931.736830
96300.000000,3404601025.389135
96360.000000,3405299356.304589
96420.000000,3406005039.227515
96480.000000,3406718191.348330
96540.000000,3407438932.369190
96600.000000,3408167384.571837
96660.000000,3408903672.887599
96720.000000,3409647924.969743
96780.000000,3410400271.268168
96840.000000,3411160845.106599
96900.000000,3411929782.762358
96960.000000,3412707223.548811
97020.000000,3413493309.900588
97080.000000,3414288187.461698
97140.000000,3415092005.176673
97200.000000,3415904915.384811
97260.000000,3416727073.917687
97320.000000,3417558640.200054
97380.000000,3418399777.354273
97440.000000,3419250652.308395
97500.000000,3420111435.908086
97560.000000,3420982303.032515
97620.000000,3421863432.714415
97680.000000,3422755008.264422
97740.000000,3423657217.399967
97800.000000,3424570252.378835
97860.000000,3425494310.137625
97920.000000,3426429592.435330
97980.000000,3427376306.002228
98040.000000,3428334662.694369
98100.000000,3429304879.653822
98160.000000,3430287179.475032
98220.000000,3431281790.377486
98280.000000,3432288946.385004
98340.000000,3433308887.511937
98400.000000,3434341859.956621
98460.000000,3435388116.302352
98520.000000,3436447915.726301
98580.000000,3437521524.216696
98640.000000,3438609214.798648
98700.000000,3439711267.769061
98760.000000,3440827970.941022
98820.000000,3441959619.898155
98880.000000,3443106518.259367
98940.000000,3444268977.954547
99000.000000,3445447319.511702
99060.000000,3446641872.356116
99120.000000,3447852975.122106
99180.000000,3449080975.978024
99240.000000,3450326232.965133
99300.000000,3451589114.351093
99360.000000,3452869998.998768
99420.000000,3454169276.751140
99480.000000,3455487348.833186
99540.000000,3456824628.271563
99600.000000,3458181540.333040
99660.000000,3459558522.982682
99720.000000,3460956027.362818
99780.000000,3462374518.293884
99840.000000,3463814474.798377
99900.000000,3465276390.649102
99960.000000,3466760774.943090
100020.000000,3468268152.702604
100080.000000,3469799065.504687
100140.000000,3471354072.140921
100200.000000,3472933749.309062
100260.000000,3474538692.338347
100320.000000,3476169515.950482
100380.000000,3477826855.058283
100440.000000,3479511365.604233
100500.000000,3481223725.441299
100560.000000,3482964635.258492
100620.000000,3484734819.553863
100680.000000,3486535027.657816
100740.000000,3488366034.809787
100800.000000,3490228643.291590
100860.000000,3492123683.620915
100920.000000,3494052015.808796
100980.000000,3496014530.685028
101040.000000,3498012151.295934
101100.000000,3500045834.379087
101160.000000,3502116571.920006
101220.000000,3504225392.796210
101280.000000,3506373364.514437
101340.000000,3508561595.047167
101400.000000,3510791234.775283
101460.000000,3513063478.544009
101520.000000,3515379567.839970
101580.000000,3517740793.097786
101640.000000,3520148496.145309
101700.000000,3522604072.797337
101760.000000,3525108975.608460
101820.000000,3527664716.796599
101880.000000,3530272871.349660
101940.000000,3532935080.328965
102000.000000,3535653054.384120
102060.000000,3538428577.495322
102120.000000,3541263510.960524
102180.000000,3544159797.646401
102240.000000,3547119466.523709
102300.000000,3550144637.509599
102360.000000,3553237526.641429
102420.000000,3556400451.608894
102480.000000,3559635837.673895
102540.000000,3562946224.010235
102600.000000,3566334270.498434
102660.000000,3569802765.014311
102720.000000,3573354631.253778
102780.000000,3576992937.140655
102840.000000,3580720903.868810
102900.000000,3584541915.635428
102960.000000,3588459530.127938
103020.000000,3592477489.833697
103080.000000,3596599734.249053
103140.000000,3600830413.072409
103200.000000,3605173900.475429
103260.000000,3609634810.556800
103320.000000,3614218014.094768
103380.000000,3618928656.727944
103440.000000,3623772178.708895
103500.000000,3628754336.391892
103560.000000,3633881225.635645
103620.000000,3639159307.323585
103680.000000,3644595435.229264
103740.000000,3650196886.482854
103800.000000,3655971394.927261
103860.000000,3661927187.689556
103920.000000,3668073025.336190
103980.000000,3674418246.029652
104040.000000,3680972814.160815
104100.000000,3687747373.996795
104160.000000,3694753308.959948
104220.000000,3702002807.241737
104280.000000,3709508934.557715
104340.000000,3717285714.969625
104400.000000,3725348220.840596
104460.000000,3733712673.153923
104520.000000,3742396553.619452
104580.000000,3751418730.220079
104640.000000,3760799598.121700
104700.000000,3770561238.191542
104760.000000,3780727595.753558
104820.000000,3791324682.668581
104880.000000,3802380806.378510
104940.000000,3813926830.218636
105000.000000,3825996470.107240
105060.000000,3838626633.700345
105120.000000,3851857809.294235
105180.000000,3865734513.224457
105240.000000,3880305806.316363
105300.000000,3895625892.180421
105360.000000,3911754812.932131
105420.000000,3928759261.406099
105480.000000,3946713533.328572
105540.000000,3965700648.481948
105600.000000,3985813676.997210
105660.000000,4007157316.030685
105720.000000,4029849773.876480
105780.000000,4054025033.937641
105840.000000,4079835591.173107
105900.000000,4107455780.394832
105960.000000,4137085851.568852
106020.000000,4168956995.581615
106080.000000,4203337589.836801
106140.000000,4240541023.959620
106200.000000,4280935592.792512
106260.000000,4324957123.301580
106320.000000,4373125259.233510
106380.000000,4426064701.612660
106440.000000,4484533256.541108
106500.000000,4549459374.425298
106560.000000,4621993141.785699
106620.000000,4703576686.569633
106680.000000,4796043161.721447
106740.000000,4901758735.063978
106800.000000,5023830902.519777
106860.000000,5166421919.139168
106920.000000,5335234015.116414
106980.000000,5538285156.111081
107040.000000,5787195485.113237
107100.000000,6099410573.385370
107160.000000,6502224634.396733
107220.000000,7040427305.400027
107280.000000,7791509832.519959
107340.000000,8896348472.983196
107400.000000,10612617511.875288
107460.000000,13295331221.572647
107520.000000,16247195112.586681
107580.000000,15210479787.015614
107640.000000,12936922694.840723
107700.000000,11454392660.868160
107760.000000,10502732814.846979
107820.000000,9856109460.558300
107880.000000,9392575728.178909
107940.000000,9045519973.610821
108000.000000,8776504150.306732
108060.000000,8562089105.129316
108120.000000,8387271321.764978
108180.000000,8242041095.674326
108240.000000,8119481322.245123
108300.000000,8014666385.424403
108360.000000,7923997176.897352
108420.000000,7844784481.781052
108480.000000,7774979419.724779
108540.000000,7712994014.262646
108600.000000,7657578719.069296
108660.000000,7607736933.706253
108720.000000,7562664134.455954
108780.000000,7521703748.190779
108840.000000,7484314641.901304
108900.000000,7450046816.143068
108960.000000,7418522987.773027
109020.000000,7389424463.631237
109080.000000,7362480183.429932
109140.000000,7337458132.811403
109200.000000,7314158549.550411
109260.000000,7292408500.901203
109320.000000,7272057519.823880
109380.000000,7252974066.494944
109440.000000,7235042638.577820
109500.000000,7218161395.586437
109560.000000,7202240193.694941
109620.000000,7187198950.556093
109680.000000,7172966277.214462
109740.000000,7159478327.544951
109800.000000,7146677825.889602
109860.000000,7134513241.488022
109920.000000,7122938084.467768
109980.000000,7111910303.000350
110040.000000,7101391765.048841
110100.000000,7091347811.165815
110160.000000,7081746867.223561
110220.000000,7072560107.903851
110280.000000,7063761163.345385
110340.000000,7055325862.621546
110400.000000,7047232008.759945
110460.000000,7039459180.866147
110520.000000,7031988559.613709
110580.000000,7024802772.940887
110640.000000,7017885759.273470
110700.000000,7011222645.992448
110760.000000,7004799641.198504
110820.000000,6998603937.104813
110880.000000,6992623623.625042
110940.000000,6986847610.921751
111000.000000,6981265559.848537
111060.000000,6975867819.362200
111120.000000,6970645370.102598
111180.000000,6965589773.441903
111240.000000,6960693125.393930
111300.000000,6955948014.850560
111360.000000,6951347485.678228
111420.000000,6946885002.264042
111480.000000,6942554418.150435
111540.000000,6938349947.439764
111600.000000,6934266138.687272
111660.000000,6930297851.033209
111720.000000,6926440232.352935
111780.000000,6922688699.228523
111840.000000,6919038918.567039
111900.000000,6915486790.709362
111960.000000,6912028433.890438
112020.000000,6908660169.926248
112080.000000,6905378511.015905
112140.000000,6902180147.558741
112200.000000,6899061936.896299
112260.000000,6896020892.898352
112320.000000,6893054176.319862
112380.000000,6890159085.863154
112440.000000,6887333049.885647
112500.000000,6884573618.699506
112560.000000,6881878457.414314
112620.000000,6879245339.278652
112680.000000,6876672139.480372
112740.000000,6874156829.369141
112800.000000,6871697471.067999
112860.000000,6869292212.443701
112920.000000,6866939282.408258
112980.000000,6864636986.526455
113040.000000,6862383702.906357
113100.000000,6860177878.351706
113160.000000,6858018024.756992
113220.000000,6855902715.727392
113280.000000,6853830583.407476
113340.000000,6851800315.503727
113400.000000,6849810652.487183
113460.000000,6847860384.963586
113520.000000,6845948351.199509
113580.000000,6844073434.793675
113640.000000,6842234562.483662
113700.000000,6840430702.078898
113760.000000,6838660860.511506
113820.000000,6836924081.997245
113880.000000,6835219446.299341
113940.000000,6833546067.088572
114000.000000,6831903090.393391
114060.000000,6830289693.134403
114120.000000,6828705081.737892
114180.000000,6827148490.823376
114240.000000,6825619181.960781
114300.000000,6824116442.492754
114360.000000,6822639584.418358
114420.000000,6821187943.334272
114480.000000,6819760877.430252
114540.000000,6818357766.535413
114600.000000,6816978011.212561
114660.000000,6815621031.897656
114720.000000,6814286268.081821
114780.000000,6812973177.533476
114840.000000,6811681235.558320
114900.000000,6810409934.294983
114960.000000,6809158782.044448
115020.000000,6807927302.631255
115080.000000,6806715034.794838
115140.000000,6805521531.609278
115200.000000,6804346359.929987
115260.000000,6803189099.865858
115320.000000,6802049344.275459
115380.000000,6800926698.286164
115440.000000,6799820778.834797
115500.000000,6798731214.228865
115560.000000,6797657643.727181
115620.000000,6796599717.138966
115680.000000,6795557094.440413
115740.000000,6794529445.407913
115800.000000,6793516449.267027
115860.000000,6792517794.356466
115920.000000,6791533177.806338
115980.000000,6790562305.229917
116040.000000,6789604890.428325
116100.000000,6788660655.107466
116160.000000,6787729328.606649
116220.000000,6786810647.638297
116280.000000,6785904356.038292
116340.000000,6785010204.526341
116400.000000,6784127950.476025
116460.000000,6783257357.693975
116520.000000,6782398196.207802
116580.000000,6781550242.062381
116640.000000,6780713277.124074
116700.000000,6779887088.892562
116760.000000,6779071470.319964
116820.000000,6778266219.636833
116880.000000,6777471140.184833
116940.000000,6776686040.255709
117000.000000,6775910732.936338
117060.000000,6775145035.959549
117120.000000,6774388771.560517
117180.000000,6773641766.338396
117240.000000,6772903851.123091
117300.000000,6772174860.846842
117360.000000,6771454634.420507
117420.000000,6770743014.614239
117480.000000,6770039847.942474
117540.000000,6769344984.553022
117600.000000,6768658278.120047
117660.000000,6767979585.740834
117720.000000,6767308767.836161
117780.000000,6766645688.054120
117840.000000,6765990213.177287
117900.000000,6765342213.033052
117960.000000,6764701560.407042
118020.000000,6764068130.959442
118080.000000,6763441803.144215
118140.000000,6762822458.130930
118200.000000,6762209979.729311
118260.000000,6761604254.316206
118320.000000,6761005170.765023
118380.000000,6760412620.377449
118440.000000,6759826496.817411
118500.000000,6759246696.047193
118560.000000,6758673116.265612
118620.000000,6758105657.848151
118680.000000,6757544223.289064
118740.000000,6756988717.145257
118800.000000,6756439045.982006
118860.000000,6755895118.320331
118920.000000,6755356844.586041
118980.000000,6754824137.060368
119040.000000,6754296909.832126
119100.000000,6753775078.751322
119160.000000,6753258561.384245
119220.000000,6752747276.969854
119280.000000,6752241146.377539
119340.000000,6751740092.066137
119400.000000,6751244038.044190
119460.000000,6750752909.831383
119520.000000,6750266634.421118
119580.000000,6749785140.244225
119640.000000,6749308357.133697
119700.000000,6748836216.290527
119760.000000,6748368650.250452
119820.000000,6747905592.851746
119880.000000,6747446979.203875
119940.000000,6746992745.657107
120000.000000,6746542829.772955
120060.000000,6746097170.295477
120120.000000,6745655707.123385
120180.000000,6745218381.282934
120240.000000,6744785134.901591
120300.000000,6744355911.182423
120360.000000,6743930654.379184
120420.000000,6743509309.772134
120480.000000,6743091823.644470
120540.000000,6742678143.259468
120600.000000,6742268216.838163
120660.000000,6741861993.537729
120720.000000,6741459423.430376
120780.000000,6741060457.482843
120840.000000,6740665047.536432
120900.000000,6740273146.287581
120960.000000,6739884707.268951
121020.000000,6739499684.831007
121080.000000,6739118034.124100
121140.000000,6738739711.081005
121200.000000,6738364672.399894
121260.000000,6737992875.527813
121320.000000,6737624278.644524
121380.000000,6737258840.646790
121440.000000,6736896521.133079
121500.000000,6736537280.388609
121560.000000,6736181079.370825
121620.000000,6735827879.695231
121680.000000,6735477643.621549
121740.000000,6735130334.040268
121800.000000,6734785914.459497
121860.000000,6734444348.992167
121920.000000,6734105602.343538
121980.000000,6733769639.799014
122040.000000,6733436427.212262
122100.000000,6733105930.993634
122160.000000,6732778118.098841
122220.000000,6732452956.017933
122280.000000,6732130412.764528
122340.000000,6731810456.865309
122400.000000,6731493057.349756
122460.000000,6731178183.740160
122520.000000,6730865806.041828
122580.000000,6730555894.733566
122640.000000,6730248420.758340
122700.000000,6729943355.514206
122760.000000,6729640670.845412
122820.000000,6729340339.033728
122880.000000,6729042332.789984
122940.000000,6728746625.245768
123000.000000,6728453189.945360
123060.000000,6728162000.837837
123120.000000,6727873032.269348
123180.000000,6727586258.975549
123240.000000,6727301656.074282
123300.000000,6727019199.058310
123360.000000,6726738863.788328
123420.000000,6726460626.486050
123480.000000,6726184463.727482
123540.000000,6725910352.436350
123600.000000,6725638269.877668
123660.000000,6725368193.651438
123720.000000,6725100101.686500
123780.000000,6724833972.234527
123840.000000,6724569783.864119
123900.000000,6724307515.455063
123960.000000,6724047146.192690
124020.000000,6723788655.562379
124080.000000,6723532023.344149
124140.000000,6723277229.607395
124200.000000,6723024254.705722
124260.000000,6722773079.271895
124320.000000,6722523684.212887
124380.000000,6722276050.705060
124440.000000,6722030160.189400
124500.000000,6721785994.366894
124560.000000,6721543535.193991
124620.000000,6721302764.878153
124680.000000,6721063665.873495
124740.000000,6720826220.876539
124800.000000,6720590412.822025
124860.000000,6720356224.878819
124920.000000,6720123640.445928
124980.000000,6719892643.148556
125040.000000,6719663216.834280
125100.000000,6719435345.569269
125160.000000,6719209013.634600
125220.000000,6718984205.522656
125280.000000,6718760905.933570
125340.000000,6718539099.771762
125400.000000,6718318772.142532
125460.000000,6718099908.348747
125520.000000,6717882493.887538
125580.000000,6717666514.447140
125640.000000,6717451955.903716
125700.000000,6717238804.318300
125760.000000,6717027045.933779
125820.000000,6716816667.171940
125880.000000,6716607654.630542
125940.000000,6716399995.080507
126000.000000,6716193675.463107
126060.000000,6715988682.887234
126120.000000,6715785004.626728
126180.000000,6715582628.117736
126240.000000,6715381540.956127
126300.000000,6715181730.894968
126360.000000,6714983185.842033
126420.000000,6714785893.857382
126480.000000,6714589843.150946
126540.000000,6714395022.080189
126600.000000,6714201419.147823
126660.000000,6714009022.999531
126720.000000,6713817822.421743
126780.000000,6713627806.339493
126840.000000,6713438963.814235
126900.000000,6713251284.041794
126960.000000,6713064756.350279
127020.000000,6712879370.198071
127080.000000,6712695115.171841
127140.000000,6712511980.984608
127200.000000,6712329957.473810
127260.000000,6712149034.599447
127320.000000,6711969202.442228
127380.000000,6711790451.201759
127440.000000,6711612771.194771
127500.000000,6711436152.853378
127560.000000,6711260586.723349
127620.000000,6711086063.462435
127680.000000,6710912573.838713
127740.000000,6710740108.728956
127800.000000,6710568659.117048
127860.000000,6710398216.092405
127920.000000,6710228770.848433
127980.000000,6710060314.681025
128040.000000,6709892838.987070
128100.000000,6709726335.262980
128160.000000,6709560795.103273
128220.000000,6709396210.199145
128280.000000,6709232572.337090
128340.000000,6709069873.397543
128400.000000,6708908105.353533
128460.000000,6708747260.269348
128520.000000,6708587330.299283
128580.000000,6708428307.686329
128640.000000,6708270184.760941
128700.000000,6708112953.939805
128760.000000,6707956607.724619
128820.000000,6707801138.700921
128880.000000,6707646539.536901
128940.000000,6707492802.982273
129000.000000,6707339921.867126
129060.000000,6707187889.100819
129120.000000,6707036697.670891
129180.000000,6706886340.641978
129240.000000,6706736811.154770
129300.000000,6706588102.424950
129360.000000,6706440207.742195
129420.000000,6706293120.469148
129480.000000,6706146834.040434
129540.000000,6706001341.961700
129600.000000,6705856637.808639
129660.000000,6705712715.226059
129720.000000,6705569567.926945
129780.000000,6705427189.691555
129840.000000,6705285574.366527
129900.000000,6705144715.863977
129960.000000,6705004608.160646
130020.000000,6704865245.297039
130080.000000,6704726621.376583
130140.000000,6704588730.564800
130200.000000,6704451567.088483
130260.000000,6704315125.234905
130320.000000,6704179399.351020
130380.000000,6704044383.842695
130440.000000,6703910073.173930
130500.000000,6703776461.866114
130560.000000,6703643544.497282
130620.000000,6703511315.701382
130680.000000,6703379770.167559
130740.000000,6703248902.639441
130800.000000,6703118707.914444
130860.000000,6702989180.843093
130920.000000,6702860316.328339
130980.000000,6702732109.324877
131040.000000,6702604554.838524
131100.000000,6702477647.925552
131160.000000,6702351383.692051
131220.000000,6702225757.293310
131280.000000,6702100763.933197
131340.000000,6701976398.863553
131400.000000,6701852657.383585
131460.000000,6701729534.839293
131520.000000,6701607026.622871
131580.000000,6701485128.172148
131640.000000,6701363834.970013
131700.000000,6701243142.543873
131760.000000,6701123046.465092
131820.000000,6701003542.348462
131880.000000,6700884625.851669
131940.000000,6700766292.674768
132000.000000,6700648538.559664
132060.000000,6700531359.289610
132120.000000,6700414750.688705
132180.000000,6700298708.621393
132240.000000,6700183228.991988
132300.000000,6700068307.744193
132360.000000,6699953940.860609
132420.000000,6699840124.362301
132480.000000,6699726854.308308
132540.000000,6699614126.795208
132600.000000,6699501937.956671
132660.000000,6699390283.963013
132720.000000,6699279161.020765
132780.000000,6699168565.372252
132840.000000,6699058493.295158
132900.000000,6698948941.102118
132960.000000,6698839905.140324
133020.000000,6698731381.791090
133080.000000,6698623367.469475
133140.000000,6698515858.623892
133200.000000,6698408851.735706
133260.000000,6698302343.318864
133320.000000,6698196329.919514
133380.000000,6698090808.115645
133440.000000,6697985774.516695
133500.000000,6697881225.763222
133560.000000,6697777158.526520
133620.000000,6697673569.508285
133680.000000,6697570455.440266
133740.000000,6697467813.083912
133800.000000,6697365639.230061
133860.000000,6697263930.698568
133920.000000,6697162684.338020
133980.000000,6697061897.025382
134040.000000,6696961565.665684
134100.000000,6696861687.191717
134160.000000,6696762258.563721
134220.000000,6696663276.769056
134280.000000,6696564738.821937
134340.000000,6696466641.763098
134400.000000,6696368982.659525
134460.000000,6696271758.604153
134520.000000,6696174966.715582
134580.000000,6696078604.137793
134640.000000,6695982668.039879
134700.000000,6695887155.615746
134760.000000,6695792064.083875
134820.000000,6695697390.687014
134880.000000,6695603132.691954
134940.000000,6695509287.389234
135000.000000,6695415852.092905
135060.000000,6695322824.140267
135120.000000,6695230200.891614
135180.000000,6695137979.729996
135240.000000,6695046158.060970
135300.000000,6694954733.312347
135360.000000,6694863702.933985
135420.000000,6694773064.397508
135480.000000,6694682815.196117
135540.000000,6694592952.844334
135600.000000,6694503474.877783
135660.000000,6694414378.852969
135720.000000,6694325662.347053
135780.000000,6694237322.957640
135840.000000,6694149358.302561
135900.000000,6694061766.019645
135960.000000,6693974543.766544
136020.000000,6693887689.220491
136080.000000,6693801200.078115
136140.000000,6693715074.055233
136200.000000,6693629308.886652
136260.000000,6693543902.325968
136320.000000,6693458852.145382
136380.000000,6693374156.135490
136440.000000,6693289812.105110
136500.000000,6693205817.881093
136560.000000,6693122171.308118
136620.000000,6693038870.248539
136680.000000,6692955912.582184
136740.000000,6692873296.206179
136800.000000,6692791019.034786
136860.000000,6692709078.999199
136920.000000,6692627474.047411
136980.000000,6692546202.144011
137040.000000,6692465261.270033
137100.000000,6692384649.422791
137160.000000,6692304364.615702
137220.000000,6692224404.878141
137280.000000,6692144768.255269
137340.000000,6692065452.807877
137400.000000,6691986456.612242
137460.000000,6691907777.759953
137520.000000,6691829414.357768
137580.000000,6691751364.527475
137640.000000,6691673626.405724
137700.000000,6691596198.143890
137760.000000,6691519077.907927
137820.000000,6691442263.878222
137880.000000,6691365754.249457
137940.000000,6691289547.230469
138000.000000,6691213641.044104
138060.000000,6691138033.927086
138120.000000,6691062724.129889
138180.000000,6690987709.916586
138240.000000,6690912989.564732
138300.000000,6690838561.365230
138360.000000,6690764423.622187
138420.000000,6690690574.652815
138480.000000,6690617012.787283
138540.000000,6690543736.368593
138600.000000,6690470743.752470
138660.000000,6690398033.307229
138720.000000,6690325603.413656
138780.000000,6690253452.464900
138840.000000,6690181578.866327
138900.000000,6690109981.035448
138960.000000,6690038657.401758
139020.000000,6689967606.406662
139080.000000,6689896826.503324
139140.000000,6689826316.156590
139200.000000,6689756073.842861
139260.000000,6689686098.049984
139320.000000,6689616387.277150
139380.000000,6689546940.034790
139440.000000,6689477754.844457
139500.000000,6689408830.238737
139560.000000,6689340164.761139
139620.000000,6689271756.965992
139680.000000,6689203605.418352
139740.000000,6689135708.693895
139800.000000,6689068065.378824
139860.000000,6689000674.069769
139920.000000,6688933533.373692
139980.000000,6688866641.907785
140040.000000,6688799998.299393
140100.000000,6688733601.185907
140160.000000,6688667449.214682
140220.000000,6688601541.042931
140280.000000,6688535875.337642
140340.000000,6688470450.775503
140400.000000,6688405266.042803
140460.000000,6688340319.835329
140520.000000,6688275610.858307
140580.000000,6688211137.826312
140640.000000,6688146899.463167
140700.000000,6688082894.501872
140760.000000,6688019121.684522
140820.000000,6687955579.762224
140880.000000,6687892267.495016
140940.000000,6687829183.651779
141000.000000,6687766327.010181
141060.000000,6687703696.356573
141120.000000,6687641290.485924
141180.000000,6687579108.201748
141240.000000,6687517148.316027
141300.000000,6687455409.649118
141360.000000,6687393891.029711
141420.000000,6687332591.294735
141480.000000,6687271509.289284
141540.000000,6687210643.866550
141600.000000,6687149993.887764
141660.000000,6687089558.222109
141720.000000,6687029335.746651
141780.000000,6686969325.346283
141840.000000,6686909525.913652
141900.000000,6686849936.349079
141960.000000,6686790555.560515
142020.000000,6686731382.463456
142080.000000,6686672415.980885
142140.000000,6686613655.043205
142200.000000,6686555098.588190
142260.000000,6686496745.560904
142320.000000,6686438594.913624
142380.000000,6686380645.605831
142440.000000,6686322896.604092
142500.000000,6686265346.882029
142560.000000,6686207995.420255
142620.000000,6686150841.206310
142680.000000,6686093883.234612
142740.000000,6686037120.506382
142800.000000,6685980552.029597
142860.000000,6685924176.818939
142920.000000,6685867993.895724
142980.000000,6685812002.287857
143040.000000,6685756201.029776
143100.000000,6685700589.162384
143160.000000,6685645165.733020
143220.000000,6685589929.795374
143280.000000,6685534880.409468
143340.000000,6685480016.641571
143400.000000,6685425337.564165
143460.000000,6685370842.255899
143520.000000,6685316529.801519
143580.000000,6685262399.291832
143640.000000,6685208449.823652
143700.000000,6685154680.499746
143760.000000,6685101090.428798
143820.000000,6685047678.725335
143880.000000,6684994444.509712
143940.000000,6684941386.908041
144000.000000,6684888505.052151
144060.000000,6684835798.079533
144120.000000,6684783265.133316
144180.000000,6684730905.362200
144240.000000,6684678717.920414
144300.000000,6684626701.967678
144360.000000,6684574856.669155
144420.000000,6684523181.195408
144480.000000,6684471674.722355
144540.000000,6684420336.431221
144600.000000,6684369165.508513
144660.000000,6684318161.145948
144720.000000,6684267322.540447
144780.000000,6684216648.894063
144840.000000,6684166139.413950
144900.000000,6684115793.312332
144960.000000,6684065609.806451
145020.000000,6684015588.118530
145080.000000,6683965727.475733
145140.000000,6683916027.110129
145200.000000,6683866486.258651
145260.000000,6683817104.163055
145320.000000,6683767880.069886
145380.000000,6683718813.230442
145440.000000,6683669902.900724
145500.000000,6683621148.341417
145560.000000,6683572548.817844
145620.000000,6683524103.599926
145680.000000,6683475811.962156
145740.000000,6683427673.183546
145800.000000,6683379686.547617
145860.000000,6683331851.342342
145920.000000,6683284166.860123
145980.000000,6683236632.397753
146040.000000,6683189247.256377
146100.000000,6683142010.741472
146160.000000,6683094922.162802
146220.000000,6683047980.834385
146280.000000,6683001186.074463
146340.000000,6682954537.205476
146400.000000,6682908033.554018
146460.000000,6682861674.450813
146520.000000,6682815459.230681
146580.000000,6682769387.232504
146640.000000,6682723457.799204
146700.000000,6682677670.277696
146760.000000,6682632024.018879
146820.000000,6682586518.377588
146880.000000,6682541152.712572
146940.000000,6682495926.386463
147000.000000,6682450838.765747
147060.000000,6682405889.220733
147120.000000,6682361077.125526
147180.000000,6682316401.857998
147240.000000,6682271862.799763
147300.000000,6682227459.336143
147360.000000,6682183190.856143
147420.000000,6682139056.752419
147480.000000,6682095056.421264
147540.000000,6682051189.262568
147600.000000,6682007454.679793
147660.000000,6681963852.079952
147720.000000,6681920380.873571
147780.000000,6681877040.474690
147840.000000,6681833830.300797
147900.000000,6681790749.772833
147960.000000,6681747798.315162
148020.000000,6681704975.355536
148080.000000,6681662280.325071
148140.000000,6681619712.658228
148200.000000,6681577271.792799
148260.000000,6681534957.169850
148320.000000,6681492768.233738
148380.000000,6681450704.432045
148440.000000,6681408765.215597
148500.000000,6681366950.038408
148560.000000,6681325258.357666
148620.000000,6681283689.633722
148680.000000,6681242243.330044
148740.000000,6681200918.913218
148800.000000,6681159715.852911
148860.000000,6681118633.621851
148920.000000,6681077671.695811
148980.000000,6681036829.553576
149040.000000,6680996106.676937
149100.000000,6680955502.550655
149160.000000,6680915016.662443
149220.000000,6680874648.502955
149280.000000,6680834397.565746
149340.000000,6680794263.347273
149400.000000,6680754245.346858
149460.000000,6680714343.066671
149520.000000,6680674556.011719
149580.000000,6680634883.689814
149640.000000,6680595325.611553
149700.000000,6680555881.290319
149760.000000,6680516550.242231
149820.000000,6680477331.986143
149880.000000,6680438226.043625
149940.000000,6680399231.938936
