0.000543,	0.000000,	10.866453,	5.433227,	5.433226,	0.000002,	
0.001087,	0.000000,	10.866452,	5.433227,	5.433222,	0.000007,	
-0.924728,	-0.000652,	2.586386,	-4.951546,	3.402791,	-7.001974,	
0.943061,	-0.000398,	-5.668958,	-6.372408,	-1.164892,	-5.688627,	
0.378802,	0.000763,	6.647713,	7.499922,	-0.283957,	7.763829,	
0.379743,	-0.000514,	-6.659193,	-7.501855,	0.269653,	-7.752246,	
0.945487,	0.000049,	5.666938,	6.381800,	1.165201,	5.699706,	
-0.907119,	0.000699,	-2.682310,	4.906724,	-3.517295,	7.071504,	
0.635121,	-0.000119,	-9.203135,	-6.211239,	-3.108913,	-3.708783,	
0.626197,	0.000226,	-0.172883,	5.834170,	-3.648480,	8.790878,	
-0.353569,	0.000473,	-1.866402,	4.679759,	-5.584668,	9.918060,	
0.687713,	0.000669,	-3.943671,	3.943404,	-4.986462,	7.798558,	
-0.633339,	0.000647,	4.202549,	7.071979,	-1.106791,	7.963691,	
1.934296,	-0.000185,	-0.976182,	-2.141156,	-0.927605,	-2.471123,	
-0.080568,	0.000304,	-8.401810,	-0.715461,	-7.638836,	6.898408,	
-1.997783,	-0.000017,	-0.705763,	-1.685392,	-0.767679,	-2.003298,	
0.743860,	0.000401,	4.275830,	6.966695,	-0.584712,	7.397120,	
-0.402435,	0.000716,	-4.068255,	3.387338,	-6.225795,	9.114008,	
-0.375152,	0.000800,	0.775303,	6.012582,	-4.245092,	9.961192,	
0.463743,	-0.000075,	-9.972524,	-6.285479,	-3.625505,	-3.043006,	
0.552265,	0.000079,	0.088779,	5.885949,	-3.860241,	9.172479,	
-0.126801,	0.000964,	-2.327561,	4.197861,	-6.387503,	10.533300,	
-0.176920,	0.000638,	-0.744534,	5.124875,	-5.613707,	10.650324,	
0.769564,	0.000109,	-5.136732,	3.264865,	-5.041476,	6.886106,	
0.058248,	-0.000482,	5.979046,	-1.574410,	7.524817,	-9.086253,	
-1.141757,	0.000502,	-3.613363,	4.476249,	-2.995320,	5.720926,	
-0.765810,	-0.000184,	-9.326750,	-5.288677,	-3.725012,	-2.603135,	
-0.540811,	0.000048,	-4.972735,	2.990031,	-5.956860,	8.096648,	
-0.247908,	0.000302,	0.887956,	5.968188,	-4.618585,	10.445231,	
0.474139,	-0.000656,	-5.417397,	-7.357220,	0.931368,	-8.185566,	
-1.785515,	0.000147,	3.868818,	1.691215,	2.163893,	2.152592,	
-0.450796,	-0.000122,	9.262429,	1.409290,	6.719084,	-4.638917,	
1.553090,	0.000185,	3.410933,	3.936953,	1.670517,	3.907067,	
-0.945418,	-0.000591,	0.808474,	-5.734329,	2.515857,	-7.208327,	
1.033725,	-0.000309,	-0.763913,	-6.100251,	1.354889,	-6.793083,	
-1.774563,	0.000155,	-2.009467,	3.405163,	-0.673757,	3.268720,	
1.053140,	-0.000417,	6.315208,	-2.618035,	4.334852,	-4.761541,	
-1.072740,	0.000102,	7.845457,	4.613032,	3.184284,	3.092126,	
0.178674,	-0.000122,	10.544085,	3.836333,	6.561380,	-2.620448,	
1.054903,	0.000216,	8.399785,	4.086045,	3.634202,	2.292567,	
-1.085215,	-0.000444,	2.765089,	-4.942836,	2.847654,	-6.273018,	
0.538964,	-0.000098,	-4.091292,	-7.136306,	1.609027,	-8.517158,	
-1.853647,	0.000060,	1.926205,	2.473747,	1.361423,	2.853791,	
0.092961,	-0.000149,	8.716785,	1.031307,	7.624040,	-6.559708,	
1.922062,	0.000232,	1.825435,	1.958918,	1.328039,	2.415588,	
-0.580584,	-0.000614,	-4.703619,	-7.217484,	1.025650,	-8.075419,	
1.313409,	-0.000223,	0.313354,	-5.401171,	0.871738,	-5.622888,	
-1.614491,	0.000263,	-4.032381,	3.385474,	-1.943682,	3.300061,	
1.396887,	-0.000393,	3.203159,	-4.421241,	2.013241,	-4.768821,	
-1.554043,	0.000396,	0.408029,	4.627463,	0.166191,	4.624744,	
1.192098,	-0.000277,	7.108107,	-1.753161,	4.161955,	-3.290812,	
-0.784751,	0.000207,	-5.922186,	2.730156,	-5.237239,	6.435076,	
0.477768,	0.000844,	-1.746724,	4.952271,	-5.076605,	9.462383,	
-0.712155,	0.000718,	-0.153151,	5.944664,	-3.257066,	8.408589,	
-1.000770,	-0.000223,	-7.649852,	-5.377009,	-2.778415,	-3.877105,	
1.171477,	-0.000438,	-6.062109,	-5.238356,	-2.178073,	-4.392419,	
0.318573,	0.000440,	3.922015,	7.132490,	-2.598351,	9.600459,	
-0.320516,	-0.000459,	-0.304142,	-5.802068,	4.734620,	-10.296252,	
-0.384182,	-0.000265,	3.623367,	-3.705269,	6.190444,	-9.445078,	
0.905908,	-0.000440,	-4.158790,	-6.723246,	-0.008067,	-6.718272,	
-2.059947,	0.000037,	0.994223,	1.154131,	0.863631,	1.559960,	
-0.332953,	-0.000456,	8.651316,	0.699879,	7.220499,	-6.125156,	
1.800890,	0.000171,	1.712592,	3.031294,	1.233757,	3.312471,	
-0.627356,	-0.000447,	-2.796704,	-6.868684,	2.057702,	-8.535103,	
-0.159796,	-0.000372,	4.576151,	-2.770477,	7.131765,	-9.811804,	
0.597657,	-0.000692,	-3.439990,	-7.018073,	1.790661,	-8.497636,	
-1.854340,	0.000121,	1.410243,	2.772968,	1.137723,	3.091389,	
0.281029,	-0.000053,	8.540399,	0.632051,	7.366327,	-6.445191,	
2.078360,	0.000125,	0.561368,	1.176273,	0.642321,	1.488403,	
-0.933452,	-0.000288,	-4.009262,	-6.672522,	-0.022572,	-6.659085,	
0.412261,	-0.000710,	3.493809,	-3.838461,	6.037189,	-9.368120,	
0.214838,	-0.000605,	0.067251,	-5.541665,	5.241265,	-10.661761,	
0.309325,	-0.000124,	5.032428,	-2.606431,	6.877256,	-9.157028,	
0.452000,	-0.000224,	-2.135072,	-6.636992,	3.219941,	-9.533257,	
1.004711,	0.000286,	7.178904,	5.685367,	2.411256,	4.391550,	
-1.304661,	0.000164,	1.221450,	5.614222,	-0.131662,	5.648829,	
1.588382,	-0.000117,	5.671395,	-2.178462,	2.816856,	-2.128596,	
-0.888523,	0.000392,	-5.959482,	2.880908,	-4.851065,	5.938313,	
0.631671,	0.000246,	-2.439611,	4.823477,	-4.696552,	8.614473,	
-0.999398,	0.000546,	2.037650,	6.424972,	-0.839614,	6.878658,	
1.883400,	-0.000145,	2.801418,	-2.692783,	1.035469,	-2.374195,	
-0.857959,	0.000403,	-6.611856,	2.285282,	-5.153982,	5.654326,	
0.617644,	-0.000047,	-10.141669,	-5.284179,	-4.368598,	-1.722820,	
1.297224,	0.000379,	-5.316192,	3.439663,	-3.242018,	4.316750,	
-1.688488,	-0.000186,	2.073552,	-3.943799,	0.811173,	-3.848701,	
1.218823,	0.000494,	-0.717183,	5.591487,	-1.407595,	6.077409,	
-1.003701,	0.000082,	6.833012,	5.886932,	2.144923,	4.734861,	
-0.285926,	-0.000273,	-3.841137,	-7.129576,	2.778882,	-9.795852,	
0.186609,	0.000771,	1.139272,	6.104745,	-4.699903,	10.723724,	
0.511777,	0.000280,	-5.576513,	2.562536,	-6.301318,	8.057364,	
0.499907,	-0.000253,	5.590137,	-2.525029,	6.346316,	-8.093958,	
0.165443,	-0.000340,	-1.080048,	-6.065835,	4.772647,	-10.773046,	
-0.054629,	0.000276,	2.270688,	6.533687,	-4.240383,	10.767681,	
0.445987,	-0.000786,	-5.627367,	-7.479615,	0.942211,	-8.329344,	
-1.790237,	0.000112,	4.098238,	1.710471,	2.289689,	2.209150,	
-0.455987,	-0.000223,	9.380893,	1.432672,	6.780813,	-4.655991,	
1.560645,	0.000363,	3.549593,	3.995298,	1.753889,	3.976857,	
-0.986197,	-0.000326,	1.020586,	-5.745733,	2.473548,	-7.111472,	
1.101577,	-0.000116,	-1.356179,	-6.185010,	0.801941,	-6.547556,	
-1.810087,	0.000088,	-3.473572,	2.910413,	-1.432009,	2.570885,	
1.088782,	-0.000124,	5.715160,	-3.265590,	4.049170,	-5.142199,	
-1.098110,	-0.000181,	4.754559,	-3.960518,	3.658617,	-5.626801,	
1.113624,	0.000269,	-7.132926,	1.938500,	-4.426219,	3.893354,	
-1.662505,	-0.000329,	0.156250,	-4.261806,	-0.116811,	-4.272466,	
1.203289,	0.000153,	-1.430104,	5.453571,	-1.812209,	6.104938,	
-0.880529,	0.000175,	7.298713,	6.328646,	2.050405,	5.023340,	
-0.233519,	-0.000282,	-4.126303,	-7.215609,	2.747179,	-9.888404,	
-0.256803,	0.000276,	4.284180,	7.263819,	-2.574494,	9.753707,	
-1.047428,	-0.000028,	-6.592662,	-5.817022,	-2.105602,	-4.764592,	
1.215780,	-0.000471,	0.772336,	-5.625828,	1.450096,	-6.129249,	
-1.699826,	0.000227,	-1.818478,	4.018283,	-0.655715,	3.933763,	
1.293022,	-0.000161,	5.553798,	-3.331769,	3.359623,	-4.252510,	
-0.631962,	0.000139,	9.733577,	6.009123,	3.621314,	3.087493,	
-0.988212,	-0.000373,	2.433792,	-5.216276,	3.126379,	-6.937332,	
1.042133,	-0.000307,	-5.896856,	-6.117940,	-1.611067,	-5.305777,	
0.186734,	0.000340,	6.672358,	7.742676,	-0.905122,	8.632120,	
0.088256,	-0.000198,	-10.046461,	-7.347898,	-2.706171,	-4.652307,	
-0.069372,	0.000103,	5.501496,	7.568516,	-2.038936,	9.602533,	
-0.624728,	-0.000205,	-8.051769,	-7.091473,	-1.713161,	-5.701684,	
0.673326,	0.000579,	-1.249439,	5.539051,	-4.020460,	8.683504,	
-0.753893,	0.000559,	-0.651519,	5.867160,	-3.353546,	8.310711,	
-0.795523,	-0.000031,	-8.658921,	-6.096307,	-2.908371,	-4.060640,	
1.289550,	-0.000440,	-5.019232,	-5.168286,	-1.865092,	-4.651412,	
-0.888810,	0.000034,	-9.522739,	-1.752341,	-5.252494,	1.558357,	
-1.411109,	-0.000101,	-7.402314,	-1.769481,	-3.606031,	-1.195726,	
0.255480,	0.000687,	6.109703,	7.674844,	-1.238674,	8.873528,	
0.400558,	-0.000080,	-8.990780,	-7.389125,	-1.898075,	-5.641354,	
0.040189,	0.000430,	5.193881,	7.517617,	-2.314139,	9.829927,	
-0.109892,	-0.000160,	-10.094647,	-7.352546,	-2.753303,	-4.615803,	
-0.190353,	0.000531,	6.636309,	7.767718,	-0.955913,	8.706269,	
-1.091932,	-0.000010,	-5.767279,	-5.989496,	-1.682311,	-5.214320,	
1.061813,	-0.000369,	2.040750,	-5.429449,	2.657446,	-6.723538,	
-1.298365,	0.000077,	6.950528,	3.933546,	3.056799,	3.111269,	
-0.016156,	-0.000106,	10.425299,	3.233306,	7.190557,	-3.956325,	
1.297208,	0.000298,	6.898153,	4.001071,	3.018389,	3.184671,	
-1.118006,	-0.000462,	2.366974,	-5.293072,	2.590772,	-6.427549,	
0.886788,	-0.000132,	-7.396789,	-6.377576,	-2.103552,	-5.048546,	
0.251101,	0.000175,	3.944974,	7.227892,	-2.879057,	10.016786,	
0.018261,	-0.000992,	-2.548571,	-6.708520,	4.157165,	-10.864914,	
-0.398838,	0.000555,	5.298707,	7.543322,	-1.434085,	8.864540,	
1.821284,	-0.000107,	-3.616173,	-2.148156,	-2.140242,	-2.678892,	
0.216667,	0.000462,	-9.352896,	-1.515934,	-7.525905,	5.834756,	
-1.697624,	-0.000029,	-3.400429,	-3.305418,	-1.924605,	-3.548803,	
0.636447,	0.000031,	2.012991,	6.785098,	-2.544905,	8.831790,	
0.371865,	0.000115,	-4.393208,	3.280540,	-6.581278,	9.412272,	
-0.784199,	0.000416,	5.133276,	7.138471,	0.054470,	7.099925,	
1.922453,	-0.000069,	-3.723395,	-0.994036,	-2.161188,	-1.738605,	
0.668325,	0.000157,	-9.276418,	-0.873662,	-6.207817,	3.999215,	
-1.554532,	-0.000257,	-3.169648,	-4.374339,	-1.548901,	-4.348750,	
1.253988,	0.000328,	-2.504407,	5.161464,	-2.162129,	5.835717,	
0.247359,	0.001036,	0.185791,	5.789717,	-5.124478,	10.759516,	
0.527285,	0.000121,	-3.848698,	3.923023,	-5.776997,	8.915718,	
-0.942883,	0.000556,	5.581876,	6.680696,	1.002922,	6.091974,	
-0.644705,	-0.000258,	-6.305206,	-7.387614,	-0.293415,	-7.153049,	
0.796492,	-0.000006,	-9.733852,	-5.018688,	-4.119328,	-2.138394,	
-0.068419,	0.000076,	-11.079569,	-4.759340,	-6.301869,	1.527752,	
-0.768163,	-0.000163,	-9.923856,	-4.901945,	-4.315294,	-1.797949,	
-0.122021,	-0.000110,	-0.981086,	-6.091878,	4.991755,	-11.046585,	
-0.698447,	-0.000590,	5.990948,	-2.719048,	5.714703,	-7.097771,	
0.728968,	0.000285,	-7.560473,	1.354287,	-5.937923,	5.784283,	
-1.948817,	-0.000292,	0.802269,	-2.985598,	-0.160329,	-3.044729,	
0.787402,	0.000706,	2.718562,	6.926955,	-1.447532,	7.949185,	
0.151943,	0.000377,	-4.067733,	3.240629,	-7.109146,	10.268275,	
-0.890580,	0.000494,	4.323928,	6.931707,	-0.020676,	6.944703,	
2.121697,	-0.000014,	-0.804085,	-1.291484,	-0.857560,	-1.740388,	
0.196924,	0.000273,	-8.579969,	-0.594724,	-7.702653,	6.959471,	
-1.954347,	-0.000209,	-1.358660,	-2.452454,	-1.223549,	-2.910089,	
0.555344,	0.000734,	4.391078,	7.355635,	-1.457729,	8.594858,	
-0.906432,	0.000378,	-4.002311,	4.431862,	-4.155911,	6.992991,	
0.799036,	0.000464,	-3.432398,	4.636996,	-4.406485,	7.711534,	
-0.976920,	0.000029,	6.365045,	6.388278,	1.654194,	5.462668,	
-0.124190,	-0.000626,	-6.715975,	-7.834190,	1.042646,	-8.868886,	
0.105517,	0.000448,	9.690468,	7.632195,	2.077512,	5.566139,	
0.209915,	-0.000653,	-7.962893,	-7.869872,	-0.255677,	-7.619843,	
0.493401,	0.000212,	7.647219,	7.582098,	0.791328,	6.885074,	
0.087924,	-0.000310,	-3.875599,	-7.208797,	3.279689,	-10.475727,	
0.151020,	0.000295,	10.392795,	7.231671,	3.171604,	4.096025,	
0.142948,	-0.000939,	-5.710978,	-7.688832,	1.860153,	-9.529763,	
1.012400,	0.000272,	6.563895,	6.201611,	1.906113,	5.191261,	
-0.904230,	0.000345,	-3.127538,	4.947345,	-3.822560,	7.309764,	
0.267323,	0.000397,	-6.087011,	1.874126,	-7.381231,	8.993960,	
0.435961,	-0.000708,	5.949332,	-2.263670,	6.786695,	-8.413538,	
