00000000000000000000000000000000000000000000000000
00000000000000000000000000000000000000000000000000
00000000000000000000000000000000000000000000000000
00000000000000000000000000000000000000000000000000
00000000000000000001000000000010000000000000000000
00000000000000001111100000000111110000000000000000
00000000000000011111100000000111111000000000000000
00000000000000011111110000001111111000000000000000
00000000000000011111110111101111111000000000000000
00000000000000011111111111111111111000000000000000
00000000000000011111111111111111111000000000000000
00000000000000011111111111111111111000000000000000
00000010000001111111111111111111111110000001000000
00000111100011111111111111111111111111000111100000
00000111111111111111111111111111111111111111100000
00001111111111111111111111111111111111111111110000
00011111111111111111111111111111111111111111111000
00011111111111111111111111111111111111111111111000
00001111111111111111111111111111111111111111110000
00000111111111111111111111111111111111111111100000
00000111111111111111111111111111111111111111100000
00000011111100000111111111111111100000111111000000
00000011111000000011111111111111000000011111000000
00000011110000110001111100111110001100001111000000
00000011110001111001111000011110011110001111000000
00000011110011111101111000011110111111001111000000
00000011110011111101111000011110111111001111000000
00000011110001111001111000011110011110001111000000
00000011110000110001111000011110001100001111000000
00000011111000000011111000011111000000011111000000
00000011111110001111111100111111110001111111000000
00000011111111111111111111111111111111111111000000
00000011111111111111111111111111111111111111000000
00000000000001111111111111111111111110000000000000
00000000000000111111000000000011111100000000000000
00000011111000111111000000000011111100011111000000
00000011111000111111001111110011111100011111000000
00000011111000000000001111110000000000011111000000
00000011111000000000001111110000000000011111000000
00000001111100000000001111110000000000111110000000
00000001111111111111111111111111111111111110000000
00000000111111111111111111111111111111111100000000
00000000001111111111111111111111111111110000000000
00000000000111111111111111111111111111100000000000
00000000000000111111111111111111111100000000000000
00000000000000000011111111111111000000000000000000
00000000000000000000000000000000000000000000000000
00000000000000000000000000000000000000000000000000
00000000000000000000000000000000000000000000000000
00000000000000000000000000000000000000000000000000
