-0.010569,	-0.000020,	-6.790870,	-7.966726,	1.175282,	-9.141942,	
-0.658496,	-0.000072,	0.929224,	-5.848778,	4.042067,	-9.045882,	
0.572768,	-0.000058,	1.404920,	-5.514108,	4.667601,	-9.436631,	
0.200267,	-0.000028,	5.604300,	-2.267995,	7.528924,	-9.646400,	
0.430808,	-0.000013,	-2.925860,	-7.114183,	3.012808,	-9.851691,	
-0.563138,	-0.000001,	10.428924,	2.721982,	6.324783,	-2.626160,	
1.973268,	-0.000020,	-1.907797,	-2.424172,	-1.547403,	-3.030309,	
-2.090139,	-0.000010,	-1.754901,	-1.585137,	-1.449294,	-2.304423,	
1.952729,	-0.000034,	0.005568,	-3.207662,	-0.639460,	-3.446018,	
0.304938,	-0.000068,	6.753825,	-1.464548,	7.476544,	-8.596012,	
0.507255,	-0.000043,	-5.575066,	-7.676065,	0.917688,	-8.478180,	
-0.118177,	-0.000033,	9.051012,	1.029286,	7.918882,	-6.834393,	
-0.451378,	-0.000060,	-4.662022,	-7.558965,	1.798048,	-9.176980,	
0.681144,	-0.000037,	-9.062816,	-6.767248,	-2.725185,	-4.650245,	
