-1.161312,	-0.000002,	3.985773,	-4.221212,	3.077082,	-5.446317,	
-1.743550,	-0.000002,	1.075796,	-3.575321,	0.234068,	-3.535087,	
1.550525,	-0.000037,	-3.301499,	-3.903772,	-1.611589,	-3.871165,	
-1.789257,	-0.000014,	-3.690941,	-1.656121,	-2.073616,	-2.105502,	
-0.472630,	-0.000008,	0.564839,	-5.479591,	4.509293,	-9.494565,	
0.265650,	-0.000085,	1.726064,	-4.638144,	5.801300,	-10.235817,	
-0.533581,	-0.000018,	3.342931,	-4.047323,	5.424481,	-8.717803,	
0.911978,	-0.000012,	-4.198835,	-6.605809,	-0.095330,	-6.547451,	
-0.543649,	-0.000038,	8.806179,	0.742672,	6.446068,	-4.774172,	
-0.890066,	-0.000066,	0.084630,	-5.935889,	2.382252,	-7.435309,	
0.822170,	-0.000063,	0.891278,	-5.638261,	3.076915,	-7.732370,	
-0.265279,	-0.000018,	10.325010,	3.482850,	6.516133,	-2.805377,	
-1.210842,	-0.000005,	5.543174,	-3.145402,	3.545494,	-4.394252,	
-1.170399,	-0.000044,	0.417398,	-5.594064,	1.405872,	-6.142108,	
1.064093,	-0.000045,	-5.491757,	-5.896626,	-1.490697,	-5.173253,	
0.351385,	-0.000001,	-9.221324,	-7.124996,	-2.263523,	-4.999782,	
0.304291,	-0.000004,	-10.044546,	-6.695731,	-3.355221,	-3.494654,	
0.790365,	-0.000003,	9.547528,	2.224245,	5.304152,	-1.507673,	
-0.284829,	-0.000018,	-4.718032,	-7.256739,	2.082001,	-9.254866,	
1.598638,	-0.000014,	-5.306798,	-2.054087,	-2.683045,	-2.128815,	
-1.418714,	-0.000035,	-4.341052,	-4.333770,	-1.863569,	-4.051380,	
