1.437651,	-0.000012,	7.758845,	-1.649881,	4.024380,	-2.184079,	
-1.594840,	-0.000004,	0.979844,	-5.321179,	0.426093,	-5.310937,	
-1.461329,	-0.000040,	-1.124786,	-5.812509,	-0.246242,	-5.785598,	
1.163549,	-0.000027,	-7.981188,	-5.082682,	-3.238037,	-3.800230,	
-1.136377,	-0.000008,	-9.146033,	-3.907006,	-4.115317,	-2.174903,	
-2.020831,	-0.000014,	3.343194,	-3.240404,	1.067860,	-2.775901,	
0.523323,	-0.000011,	-9.862550,	-7.329719,	-2.811602,	-4.894428,	
-1.757776,	-0.000037,	0.779616,	-4.724723,	-0.050116,	-4.734037,	
2.011767,	-0.000012,	-4.651313,	-0.377516,	-2.647377,	-1.507492,	
-1.542802,	-0.000035,	-3.390119,	-5.044220,	-1.625014,	-4.998678,	
2.190313,	-0.000009,	1.312579,	-2.613599,	-0.123285,	-2.685185,	
