2.341767,	-0.000019,	-3.192985,	-1.220070,	-2.669816,	-3.080520,	
-2.206688,	-0.000002,	-3.004992,	-2.225846,	-2.626681,	-3.785815,	
0.165765,	-0.000001,	-10.856362,	-8.508913,	-2.398775,	-6.143020,	
-0.557674,	-0.000087,	-0.079296,	-6.865024,	4.489032,	-10.674122,	
-0.309333,	-0.000088,	2.937468,	-4.902371,	6.962415,	-11.534516,	
1.044609,	-0.000006,	-0.438465,	-7.304169,	1.848052,	-8.232327,	
1.508613,	-0.000026,	6.689134,	-4.226174,	3.482545,	-4.442500,	
0.768435,	-0.000061,	-4.834296,	-8.190743,	0.711010,	-8.701929,	
1.167343,	-0.000012,	-10.197910,	-3.680618,	-4.741895,	-1.819017,	
-1.222161,	-0.000012,	-8.237694,	-5.650827,	-3.349042,	-4.506705,	
0.627039,	-0.000019,	4.729457,	-4.447523,	6.197215,	-9.465763,	
0.969567,	-0.000068,	-2.627163,	-7.746105,	1.044010,	-8.336598,	
0.510718,	-0.000017,	-10.397648,	-8.039134,	-2.731701,	-5.656037,	
-2.681627,	-0.000012,	2.168630,	-2.107632,	0.233954,	-1.897995,	
