-1.308769,	-0.000030,	5.118740,	-3.585606,	3.128825,	-4.396184,	
-1.211876,	-0.000014,	0.518594,	-5.660832,	1.335985,	-6.130133,	
1.088586,	-0.000010,	-6.005130,	-5.800684,	-1.857290,	-4.939402,	
0.286627,	-0.000007,	-9.946008,	-7.069446,	-2.930726,	-4.258292,	
0.022631,	-0.000001,	-2.372251,	-6.574037,	4.197952,	-10.770914,	
1.729948,	-0.000014,	-4.163088,	-2.254679,	-2.288972,	-2.617469,	
-1.598308,	-0.000030,	-3.801816,	-3.599950,	-1.951105,	-3.653563,	
-0.371070,	-0.000010,	-10.455638,	-6.288297,	-4.061313,	-2.503383,	
1.864403,	-0.000004,	-4.105105,	-0.746607,	-2.255029,	-1.399236,	
-1.450659,	-0.000038,	-3.275098,	-4.761633,	-1.361910,	-4.598359,	
-1.556406,	-0.000045,	1.253324,	-4.620475,	0.660079,	-4.630003,	
-1.571357,	-0.000003,	2.704758,	-4.240496,	1.351196,	-4.239742,	
-1.578247,	-0.000021,	4.717931,	-3.216402,	2.347082,	-3.198964,	
1.906602,	-0.000002,	-3.374559,	-1.138700,	-1.982542,	-1.792010,	
-1.566865,	-0.000027,	-3.035331,	-4.153961,	-1.509456,	-4.147986,	
